0.0,1.0816613467420335,1.5042747962995977,1.4914183566514452,0.5394371294267224,1.3512702725046497,0.4581384182548509,1.3031032437794337,1.2095449142363357,0.16389231991155487,0.3748385371398956,1.4173528176014425,0.692993395134515,1.2659260380945843,0.8807860921000011,1.63600238915386,0.3353233403023645,0.7812392096035399,1.6501670282579521,0.9365996051759491,1.118200811545088,0.5270142202663064,1.0419201547139771,1.2657410387092651,1.430626537350827,0.5496714254912132,0.9496366022216071,1.3295333136017091,0.6980800294788416,0.3822467976662712,0.400285020891853,1.3851138599822574,1.3064970665296816,1.6501590171981515,0.4886257323205382,1.4460196176986313,1.1876194481015578,0.9323669312173672,1.387498985392023,1.354539851598012,0.7749479558123564,0.36722203739305953,1.299099887836232,0.6652671331965262,0.9472958501145985,1.241511474474621,0.9749960114392847,0.46255650920327507,0.9385995791170693,1.4585016253033145,0.623096506453657,0.194629408298472,0.40101860084569424,1.328808937190622,0.3107043168509301,1.1474855854851356,0.8334240898706311,0.751893759503878,0.10377090589940806,0.6702253349092495,0.957528127843153,1.3787974658000144,0.041085467032708635,0.22742399941401328,0.06647925116518348,1.8080455394382269,1.2534477138146025,0.13348931215959756,0.672970287971991,1.8253540253014726,1.3516417845939157,1.7176513824731505,1.3604449741204216,0.8888331482521871,0.15390174851466798,0.39205849619205113,0.7782993767648755,1.1366870141483463,1.004825284440472,0.5898805538172138,0.40697884952498264,0.027578118564288347,0.36485639894541366,0.7033490700113453,1.4182575328164275,0.6031821871658392,0.17662815426811462,0.3384291619712635,0.45397167973678304,0.6782172047892824,0.7642759524279288,1.1764814081102044,1.6320439852293225,0.3752246751382365,1.0437490340034978,1.081797513194975,0.4199635442045384,0.30246594773959395,0.31260099752603226,0.9606428780048971,1.1491063695945987,0.6352690300728908,1.1143842500954575,0.9694454362241722,1.0091605869127471,1.1417850937441452,1.3455000248569138,1.6744683627373724,0.7153622921686625,1.200475862332682,1.5292203028378024,0.0882935666060674,0.6944339071636944,1.5853184385243393,1.5476644253971725,1.8049891980087769,1.2445089748582083,0.7809536069117302,0.5371488551853424,0.6224502542846286,1.2612597148123774,0.3690166129499545,0.3531420146327727,0.31921982343936856,1.2489760889423511,0.7077830080685932,0.8875860420233597,0.07545386848856636,0.4133859475380132,0.857077691916371,1.7958780907076834,1.2567544818023468,1.5614177632776922,1.3233682415049204,0.3114594065061716,1.654007367284253,1.32707333623939,0.34005686052975453,0.4239094062234576,1.0937445187501473,0.6850317371838283,1.4298890236694584,0.08371007429076174,0.8301257487768301,0.1816707237992363,0.4062242667914381,0.5139517861437181,0.8189155377545556,0.2875533792215161,0.4014807204618321,0.5942018282616505,0.8510504929632616,0.7283910501961831,1.468895400094378,0.23060890230632686,1.069820968187407,0.3545809284475684,0.15381153558475463,1.6291007358669147,0.2836914335187846,0.935085673337879,0.4171800413647897,1.2513232357998214,0.36409658786900023,0.5923481594719321,1.1945803121129877,0.5752520976533845,2.0169117674454977,0.43180536764921335,1.5467501206653997,1.6051530563715553,1.2325526811086944,0.10708545589502072,1.4686546447961981,1.404657145652615,0.3646793648987723,0.10509806356372182,1.3090980170253963,0.8403983344499951,1.5971361929103853,1.1091047185827654,0.446137627383084,0.14872732476817,0.9218450641400454,1.8512011317817434,0.6873267445549288,1.5035369663223772,0.5532787333285764,0.917899250174549,1.9848037621105974,0.33115200035790976,0.21362690446648164,0.30979367805893376,0.67322522378821,1.5025387767418017,1.775183157831944,0.9536139617562456,1.429088427096778,0.9788457851696281,0.8052761373066514,0.7735803091792244
1.0816613467420335,0.0,0.5282575658276539,0.5783125893497197,0.6314447823763165,0.4197811633096474,0.7862978099577089,1.0146750682081696,0.2596021150837322,0.9970592586827315,1.4541150034372647,0.4888396491266939,1.3075368842134076,0.4504478994107977,0.4921334060090772,0.7527554698889646,1.0052549228966967,1.3731251493446686,0.8169737305828538,0.2835724981080794,0.5048333493926168,0.6901779806914221,0.5686946040221701,1.233645420077681,0.9661008061879499,1.3751482816106722,0.46132269098010686,0.2479353405072416,0.9067897611842557,0.7165337643310755,0.9608605138952199,0.4342938988365773,0.23432987196678282,0.6162453141348758,1.5260384443298463,0.3655613556470279,0.13373514813733428,0.9342192151479378,0.31401806527948545,1.1634856629835642,1.0714122435767588,0.8821193556959981,0.3387382181342103,0.48712779663738637,0.18767197060621063,0.22054820687103052,0.21517190503772185,0.6800064136439974,0.35862160223491407,0.38499124498441256,0.459686961062568,1.0234324874610405,1.429011754138312,0.9187074334539016,0.936695740553527,0.6994551057212537,0.49080815309814474,0.8303587153128414,1.13212222390953,1.2572858354733267,0.8181089665080001,0.42672584296052846,1.0664639241096805,1.301700133334408,1.1040668702403478,0.805423824916389,0.4389612980453424,0.9784513311487458,1.2882910882498229,0.7888118927867793,0.8112504496288686,0.8391447898785356,0.6870503085760252,0.2560623926072704,0.9590006116083002,1.2038581916518276,0.5776630988849772,1.1379112853752884,0.5108075848998634,0.6886380976071608,1.3291833368112882,1.087345667354263,0.7990258705538695,1.4177204251154532,0.4073006965737787,1.173159445054938,0.9471475313208473,0.758153309844861,0.6904234568319995,0.6642079056287571,0.35424216701419586,0.6842587703710618,0.5964557599155615,0.8954511196256267,0.32907922767735054,1.0116988608457054,1.4884391658031402,1.2235245526727094,1.2976503497110314,0.12206104479316894,0.5867157968075463,0.642167598401125,0.045208963662506214,0.9180733697283062,0.15551698060356792,0.7276625319690291,0.3305191127380397,0.7749810121968449,0.45525468868422814,0.24738909786462515,0.6363993213259124,1.0621398759968363,0.43341364130277366,0.5906108292669864,0.511573515476439,0.8848124487119262,0.3758730984293471,0.5778166606610781,0.8534550775046781,0.4990013618442744,0.7767250634028646,1.1729483574166066,1.228147717908374,1.3685814642160194,0.3552462521430697,1.0770080463843192,1.0487712777607268,1.0392370462519336,1.2219952008282922,0.5821478945847903,0.8739766289908178,0.42072746556349166,0.4808808149370747,0.6875548155234897,0.988070991073737,0.669266847657639,1.2586525126146348,1.1682761319565238,0.9269574610114577,0.09261740673259575,0.7244280294700037,0.4706545071818487,1.0851310185097431,0.8939167235095928,1.051136243795512,1.322251352087312,0.6029375311040394,1.0815407469410754,1.3561398552848343,1.0775411538767148,0.7015445454207714,0.3544109150760024,0.5714462614951404,0.5075178144462452,0.8720714138665524,0.4869104103982659,1.229614192486891,0.9305274158232526,0.6203322849701527,1.3648708397085,1.1999550951544236,1.492847134314743,0.5708601688145658,1.4216764388144887,0.7555839374563881,0.5471072918350388,0.690248683279811,1.002654882292765,0.9226243779805435,0.46589850091425933,0.7282074159578383,1.1519020815453902,1.0783283570731053,0.4762937051491012,0.42804955331846317,1.394094331432626,1.075045065232303,0.4361083346815733,0.5797815491932391,0.6214197706970263,1.107607557468474,0.8981668134335332,1.0461846355843074,0.23353959660459203,0.868922895732847,0.5931576803778422,0.5737557122907435,1.3918074004602976,0.5202700625057566,0.9760905062872579,1.0809367360172781,1.2709083412880227,0.8270819119781176,0.4104192950016033,0.774611638782134,0.7237374780434044,0.45406218880291266,0.35451909049148045,0.43205764997179436,0.2774300723239065,0.9410966634927697
1.5042747962995977,0.5282575658276539,0.0,0.8449658665200183,1.1348135419943843,0.15509907594014039,1.1085075613188151,1.4885394228201816,0.30273590161103575,1.3844642973422023,1.877019334185365,0.7797277679987623,1.8266879954301292,0.8525183753572576,1.0174570797593876,0.9873188062307614,1.3335057665540908,1.8955865433511272,1.0783883782035633,0.5677266024332754,0.9819565890421305,1.1983377482725606,1.0687716792342896,1.7364385921279413,1.3958667734071863,1.8738057279184022,0.9792716478077101,0.3983219601093686,1.433927536975258,1.181212089275408,1.2698400085932844,0.7291130167248108,0.33544421305949346,0.6839667610897725,1.9799163303437846,0.40531689834847645,0.3951717238057795,1.4574304506514217,0.4573008992920883,1.643896783521865,1.599358126360925,1.2181536205990617,0.209294362612285,0.8404979152721977,0.5749611295365027,0.30817556782605093,0.5354402285165586,1.1698203612420608,0.8815232078289509,0.2794211273618795,0.9042473043753319,1.4892724768028445,1.884832705085806,1.3731472343925513,1.4222636076952175,1.1801525602407188,1.018720948719663,1.3585933116386701,1.5300019201556874,1.7768556853836344,1.3368054005852488,0.7243535157940052,1.479914441548988,1.731599079787773,1.5408420706791317,0.8685985539367863,0.2856439062554141,1.3821727922257052,1.8067539999145659,0.7861732325047782,1.2406991449031453,1.05366771621408,1.087679584558277,0.7825825617216909,1.4078693786379335,1.6951104703428723,1.1059089985006572,1.65041209751507,1.0182134219917622,0.9758824711840844,1.8090653948924447,1.503039502072094,1.163691768201701,1.9315660696145736,0.12668314404805606,1.6907123372731856,1.4012517091221741,1.1658458970920915,1.1798248010359365,0.9087058709664785,0.8658341531838024,1.1557012444455965,0.6691466365444717,1.3908629051365948,0.46657235422343374,1.5237481441585188,1.8761085735333334,1.6973776421776139,1.7618872863636053,0.6294599493687716,1.0586666811019723,0.9216068999630145,0.5294354814530844,1.4380974721248392,0.5157644705011344,1.2118588117310525,0.6063925616090833,0.9864052225351753,0.7913171495447769,0.3137700715908077,0.9007362031587601,1.4630401265638937,0.8102124897457785,0.7463953018446943,0.6263385061086036,1.0431492538048115,0.7774119773501158,1.1060715834583272,1.1213192045828624,0.881883957808938,1.2322967377672471,1.662994820981743,1.7108445740944902,1.814241843743072,0.7490172933160398,1.6031146041688304,1.5758868493035771,1.4781540606632668,1.715011428464745,0.739387144950756,1.0330973539654025,0.2711257876136271,0.4231038688463211,1.1057369922192144,1.4752778074680348,0.8085259528435204,1.7544007292075399,1.6540996514357755,1.4308127941489883,0.5915278309997181,1.2509905247374116,0.0749350815133241,1.5272948240358764,1.4213799842098571,1.4258793731154458,1.8030126213624351,0.9905496738732399,1.6097977371868466,1.7506469660854855,1.3794075741988343,1.2205620165118878,0.882421490270647,0.8228322972865233,0.03954854456096958,1.325307935881069,0.9783722623137814,1.712409232566401,1.3509571572284291,0.7386329202008237,1.783949354456151,1.72754731333715,1.9210558583941828,1.0016820778075755,1.8640036868512397,1.0190680978741913,0.9993227583415354,0.9852757627996679,0.9947245854268221,1.4275117869116576,0.3494494170119848,0.9764646213000963,1.6528342483451823,1.5258844287843343,0.0552023318246331,0.6946912942622284,1.76101928612291,1.5222484563293646,0.21536102216543648,1.1066306585612051,0.7933206483596342,1.6214781920709544,1.1979319497029801,1.4311844711724246,0.5896920459518675,0.948321889832651,1.1176094264514094,0.8243373505163951,1.8891900367748424,1.0414686207112573,0.9843962143374324,1.5701094894651473,1.663554316678789,1.299438577104164,0.8554411619183189,1.1221410713045483,0.7014695640015941,0.5926430422718107,0.45300455555126884,0.9456287326053315,0.7612878795339942,1.4693496184453863
1.4914183566514452,0.5783125893497197,0.8449658665200183,0.0,0.9565505954844928,0.8368046173620401,1.3098135627668177,0.7640909925361588,0.7465342901638757,1.453715510585046,1.8357090230532362,0.08962725010429388,1.458507575840196,0.22932494280953306,0.6318385239088615,0.17444852544779638,1.5084110806500286,1.4948482580337856,0.2462458715810071,0.861726411873071,0.4142005439555097,0.9853172721541166,0.5251422059485737,1.0612935648228248,0.6096478143629123,1.6086056895673742,0.5593585965398242,0.47442478979629593,1.0341602085534438,1.1108133817544057,1.4787217620378612,0.14457905776994512,0.5564847262123832,0.2765106406089919,1.854346199547179,0.43982439388711914,0.603892118544309,0.9212550425058319,0.39345342615717743,0.9173372198821483,1.153290197538255,1.38941721468819,0.7699842747775508,1.026635377888426,0.761654777874581,0.6614131773715198,0.7934819425741668,1.0308787458237796,0.552852134618407,0.5659393367732837,0.935046071946845,1.3719218274893996,1.7601249561020007,0.6265799681514169,1.253942279807656,0.5334536799973558,0.6730395694913327,0.936659972804578,1.5667712712662463,1.4104970508207515,0.7918727460306476,0.15204630746809666,1.488948691467415,1.683612947313309,1.4923856531075608,0.33869298467421427,0.931725761323409,1.4201800221338163,1.4453233852262766,0.40158152469163866,0.47489883297887714,0.2612595074209503,0.3142870113679469,0.6270121285650136,1.3442539341403006,1.474944530217413,0.7512277233362545,1.0216085296498272,0.5274917733081481,1.2363284686013742,1.618029804255489,1.5052606781882734,1.2940005485583346,1.588236798725625,0.7347466148919887,1.3475046612671362,1.3254071760961956,1.2203996267643151,1.0401194105323122,1.2271065975667266,0.7444101717384847,0.4931071799579333,0.2721452583135166,1.1929293333049862,0.8949772038389179,0.9092792521610056,1.9112622501927985,1.5352106559875438,1.6227131449052803,0.6448054108653878,0.4356558397528545,1.1962066584546025,0.5339120190972624,0.8812599190715605,0.7335834025812642,0.5652308270800953,0.2663958135783636,0.19960120366127737,1.006712537375653,0.7391321837961095,0.060072400959231616,1.4992853098253562,0.968657822364173,0.16290072357844673,0.24836108784012384,0.3217924641827628,0.2501978101955672,0.7492080018522757,1.3976368892041846,1.0197676549466166,0.513319838888367,1.4504578645768744,1.5191062795988732,1.7215254537844897,0.2527164546249368,1.1941226219326162,1.0673211758057162,1.4307643981795741,1.4863268294892826,1.1601113705308934,0.31166065613432464,0.908154620385872,0.45757586393442673,0.3537096089534387,1.2943692536126281,0.19001513527879696,1.0561960269647634,1.4573183404691312,1.1932594118966018,0.5003063176799435,0.8995256393735123,0.8346329847371452,1.4672484702856348,0.9452197908421884,1.5150755874613853,1.609576874688158,1.104393412093847,1.1404855748250597,1.778935219050395,1.5923368889671694,0.9452937708406403,0.6420544990394403,1.138203410682899,0.8520409321494542,1.2613115293206638,0.45414076436466516,1.520196128642473,1.358105310170957,0.2108260839126678,1.7572849315318437,1.2100108827269316,1.8646139583705816,0.3157027152230289,1.7763886691704425,1.3073100056050324,0.3599647609781839,1.2347222145617038,0.5423594830286047,1.1859890918324072,0.5227415854539124,0.15065454009737017,0.9797062214729164,1.4527277516394976,0.7947601898482818,0.16172208424837187,1.84290189187389,1.450334843241213,0.8934993843564889,0.7030077991802046,0.13840147121058313,1.002497747333422,1.4251446068185527,1.5009562783723418,0.8077401509297906,0.36487505032248024,0.8283868048959379,0.027632252269911194,1.6279743280018537,0.6101129526430163,0.507596433796291,1.3707974357407373,1.7011777997354294,1.1891173303218483,0.8973774623016386,0.28881576617561633,0.3997128334736025,1.0306068927382128,0.3921058649777677,0.5234789568910236,0.7588838450992073,1.0231007910142553
0.5394371294267224,0.6314447823763165,1.1348135419943843,0.9565505954844928,0.0,0.9980454772062455,0.5348714474437952,0.8445215961371019,0.8339659790873324,0.5346805998660705,0.8801137163091041,0.8862608729965191,0.6992191318357011,0.7290412647921388,0.34233046260184075,1.097263380650444,0.6471984287693758,0.7750968860301604,1.110831258746014,0.6131017812176632,0.5794037171307604,0.06728234344189632,0.5097029982072465,0.906940514695811,0.9326120616419967,0.7439834954142135,0.4103018525996925,0.8661421227474206,0.3733929499555221,0.17799102121119423,0.651379474779628,0.8586673403745239,0.8655875019258676,1.1350930771419259,0.9164879554401115,0.9731268606768918,0.7591454335727786,0.5394357907254749,0.9054419709926061,0.9361588730064522,0.5361920793478833,0.5563568694433739,0.927286472283907,0.44364294105603697,0.5661299789367477,0.8343499857946517,0.6155274505099082,0.07801525669519434,0.40532923219909245,1.014666636615155,0.2804796203064288,0.4191129962611005,0.8198408573454986,0.8366750069490171,0.31259958925855186,0.6297762600777436,0.2943860418988559,0.3526159460586465,0.6236874146276414,0.6507553813947531,0.5024637693730556,0.8528493955808375,0.5422374782459526,0.7274242779793962,0.5361001494465144,1.2806182911611252,0.9468494464540969,0.49003520956085267,0.6782994434448668,1.3075823843179961,0.8329694791843183,1.1784132142678627,0.8251772292482493,0.39120933097298194,0.38889769751927566,0.5731621190901509,0.25030743470284017,0.7786498724182359,0.46764881226774074,0.5627942105210809,0.7027273828110038,0.5559580940794951,0.45855630314838947,0.7977737595902007,1.0248420708773365,0.5620125326427986,0.3692834984034309,0.34705370718607154,0.0857288121985815,0.6235817067010254,0.2773572336318225,0.6535157509018809,1.1180903075799726,0.2649043902536966,0.7386529018281378,0.6812171664876471,0.9573696034572441,0.6027888231393098,0.6838035881074896,0.5136418267143178,0.6149362414001084,0.564983058383722,0.6517268574752247,0.5573042780073187,0.6214184235148673,0.6304763772488219,0.8361503483093029,1.1361819270086204,0.4800150016790474,0.8223194249519422,0.992015261779571,0.5606549559212994,0.42153901337982097,1.0606093291847352,1.0364257181997425,1.2669406736735782,0.7135361718204741,0.2530906843442026,0.6593349595049715,0.3874949248440667,0.7466402405202073,0.5427511166415141,0.6010346850672411,0.7717476141778524,0.7210395180628599,0.511811141447499,0.5785020068589253,0.47533903891721796,0.5908571950231198,0.72103630297753,1.2579919575520537,0.9403972597445829,1.0855684396050314,0.7902207542401664,0.36127679179199396,1.1256234621342296,0.9576993552302768,0.5399918757031469,0.29673914859039363,0.6129939707008467,0.22946041502129352,1.0668316447174446,0.5107254913405201,0.4467497280653333,0.5983629385749599,0.695358866572989,0.36203626933121474,0.5643700311468468,0.8262847902626042,0.7421775471240196,0.13240700606619552,0.32679868638740023,0.5975695985143628,1.1064652842709763,0.3092085798219831,0.5308598438816853,0.6024296397245845,0.42153735037238776,1.1066869813254712,0.8007407807569378,0.7016905265166159,0.9108378313517291,0.7128900550892457,0.8265518350041803,0.6230579125081376,0.6563006422162954,0.5501974922044874,1.4895291319122395,0.2930315495997869,1.086014246209807,1.066375245934115,0.847629390797556,0.4962951890695703,1.0882357329067147,0.8822474321393923,0.8999175919433815,0.49385540900515856,0.9811071908940078,0.3140559226243344,1.068316845627968,0.7458777262678888,0.6298548485156988,0.5762843381896686,0.5644554545658063,1.319267692073074,0.1583223602537982,0.9702055372764369,0.7604776441064478,0.38202106545558795,1.4564450695580233,0.45170435889665,0.75230631250904,0.23271583224047648,0.3130623213670952,0.9664215494703184,1.2650211573478727,0.7269579237626779,0.9465084944220684,0.4395654194536249,0.3736594149285867,0.44173000496705656
1.3512702725046497,0.4197811633096474,0.15509907594014039,0.8368046173620401,0.9980454772062455,0.0,0.9534565737661812,1.4187252497301173,0.1669920981869676,1.2299009265208722,1.7233974005486115,0.7610242575614161,1.694518443575903,0.8025539419719575,0.9111124652126417,0.994175263851709,1.1786109286931947,1.7660133150886632,1.07985914861696,0.415567421737173,0.9066944227908924,1.062927443998061,0.9827073076145565,1.650535729504657,1.3452214450080913,1.7319271572048929,0.8807875840661357,0.3635820402835887,1.312117160999902,1.0345498202771364,1.115297918450778,0.7061395767773023,0.28389509342402086,0.7238946004435071,1.828894752035106,0.41576331693406,0.29591146447183075,1.353426679559928,0.44462322332049886,1.571266668122986,1.4795741485722684,1.063072951649429,0.08161709248943266,0.6866819775610998,0.4328107212396351,0.207118125799481,0.3886267047914579,1.028555617132704,0.7783891041405944,0.30557957638572203,0.757464151411301,1.3411679822195732,1.7342161546490042,1.3118376417253554,1.2783424248119284,1.10514357897906,0.9067664161304315,1.2415882345286078,1.3755947382941065,1.645125495343073,1.2378805848868064,0.7002264197469708,1.3263603702658444,1.5786753172910248,1.3889191860241261,0.9196677755498912,0.1445094126456932,1.2282971174449762,1.6741446342915993,0.8516001932086887,1.1886515427236455,1.0684085108532748,1.0442055336775602,0.6645245839376938,1.2576870472038824,1.5515671455738613,0.9901488240507167,1.5571409717624254,0.9274366611058577,0.8211261906021927,1.6625308606829443,1.3495726270535444,1.0088824206884557,1.79581760861947,0.1311889433160253,1.5578155905670419,1.251767264417906,1.01292187757744,1.0383701323695709,0.7550082402641247,0.7358427187754912,1.0849230125638742,0.7065652009186079,1.2497224876805098,0.31152872643948276,1.4307520219853649,1.7211419813245974,1.5499683236600057,1.6126999093425223,0.5055035930580442,0.9866717135230236,0.7668380178580719,0.43187403004587605,1.337825450974217,0.3767082659627818,1.135301695207817,0.5781946120068417,1.000020702354759,0.637222641255123,0.17932849431929102,0.8956530525502773,1.3088642424279453,0.6580845621856207,0.7651958412259419,0.647886486096539,1.073754823181992,0.7246084483576395,0.9905852361850462,0.967860889204301,0.7292851604052545,1.1693395326613332,1.5192363961052846,1.5651781668809555,1.662589298618439,0.6972830569979799,1.4787652938834737,1.4649394491913912,1.3266200755590358,1.5718874450434503,0.5887021194549744,1.0631899904531332,0.1249093026957093,0.47228728807204534,1.0561765795971045,1.3315109707000414,0.8355699653877793,1.6731563207472286,1.5093230792252932,1.2922793581559013,0.4969191322100493,1.1287744771786747,0.08026723176356892,1.3759459592218677,1.3097284646159557,1.2709479564709685,1.6566765573151339,0.8373348472694356,1.4927908128272132,1.595901203422056,1.2253605448689633,1.0907731301050707,0.7664440397917816,0.668283322467142,0.11792125535943572,1.176048869948334,0.8962519728957414,1.5667598837312486,1.198221076712493,0.7677129168438085,1.6302138911314619,1.6149404209919316,1.7677296283653616,0.9455415894793816,1.7119285083716302,0.8652714002455767,0.9348660480853396,0.8303912177862304,1.0689679376877486,1.2893853937558897,0.4046709702003225,0.9789079015340535,1.5680674277043019,1.375134103606477,0.13421174214159065,0.6775421963741733,1.6059212106178653,1.3714686576738624,0.0754692839089526,0.9973451293401776,0.8102169668355882,1.5270379299164776,1.043496341356053,1.2764820867540108,0.44263065169684906,0.9979012331258464,0.9932423016431888,0.8199462122905012,1.7468717708309183,0.9400495999472653,1.0541296841371348,1.4264511349192457,1.5088257621730294,1.1533714789710283,0.7095634807729203,1.0975282774242152,0.7678959522388873,0.43964180155028043,0.454559019333861,0.8504051025761699,0.6250405089878013,1.3524501642792452
0.4581384182548509,0.7862978099577089,1.1085075613188151,1.3098135627668177,0.5348714474437952,0.9534565737661812,0.0,1.3743256697751145,0.8357330549590392,0.30320245980038457,0.80047581509907,1.2238994528475486,1.0561596462783687,1.11029583984317,0.8139519485388965,1.4762445201540393,0.22706707641564763,1.1452613648444776,1.5157874085030894,0.5612427314619101,1.0235380941322298,0.5772631307773411,0.9905520752288312,1.437129268716627,1.442098219636016,0.9746800686708877,0.8623430886841957,1.0222791099216961,0.8754755783893249,0.3855040753673834,0.17462852404157855,1.1785747668082847,0.9776428586616769,1.4003502862753108,0.9429548926772878,1.1415200953250901,0.8580061856794878,1.0702735772358651,1.0986346875538753,1.4708543134259033,1.0147235784144932,0.11011140722447434,0.9159123138062693,0.2998299542463495,0.6116352917145419,0.8884484044201596,0.6178728262589795,0.47916738216953386,0.8014840243849503,1.1218536905627934,0.38139164058461944,0.548680776620671,0.858388889801514,1.3525016947382087,0.5729879024027382,1.129575405719287,0.7670939970323963,0.8789110849962334,0.44628181482529006,1.01951937823051,1.036698132005079,1.1712456878020427,0.42211864392869863,0.6726326073864817,0.5156282116373785,1.5833408278519638,0.836934380613147,0.32486174399071627,1.0340294726740686,1.574310953269842,1.3233488338474455,1.5635097911182945,1.2767035601494752,0.6874052877572283,0.44233526051612804,0.794867078952815,0.7627876736822404,1.3071541430887608,0.9337766577269117,0.1383570304323547,0.8508220077423485,0.445593838541622,0.1062962767569969,1.1039007548032083,1.0423668213443862,0.934626769647023,0.45256463022168597,0.21145047006316042,0.4797393909408874,0.22333205396636846,0.5841034642997524,1.1446959374761996,1.3807373709722655,0.5970086055549086,0.6427482825361536,1.214894481553834,0.772904040453988,0.7372209523778657,0.7665089804946474,0.6820540022452137,1.082481068255731,0.19049266180416652,0.8282292796456209,1.0910150890082824,0.6679362374873418,1.1374165435473718,1.1025016125877258,1.5078627597298642,0.33815512001882025,0.8292509438367849,1.3596969430505983,0.3892789120903962,0.353012934049507,1.3620851585745544,1.2951653752140542,1.6312504689259504,1.0632667786748804,0.76545891657453,0.1255561995900925,0.29194818001916345,1.2454620081547634,0.7643764596000141,0.7764877030118597,0.7743220721103982,1.0573593618872854,0.9673297390889838,1.0881472144867324,0.46935105137104166,0.8180551480998404,0.4070433359943717,1.6209358338948583,0.8447181336701924,1.2537922577389748,1.2515161077988577,0.6140202481398345,1.438601286126812,1.489890041263449,0.7413130519665535,0.6633103909353779,0.8323930368802804,0.7623421929857265,1.0337211987185346,0.5158931597573667,0.973075869185788,0.32835421985237156,0.8483115542895093,0.21039525397369813,1.051925178824769,0.6536112366467102,0.2913371747072921,0.6599581861773487,0.7050474747888493,0.2900923749293782,1.070537377695592,0.4038097625999351,0.9771002097570893,0.77811770725374,0.33365950710126213,1.397552041220178,0.7075182613313155,1.1877475506676285,0.8487382698368532,1.1513008574464887,0.8147138426206706,0.13593016051384987,1.0998367067347425,0.1260126887727478,1.7853255305409002,0.66698362061473,1.2223857975795684,1.4472099591041963,1.380911081800956,0.52712953269347,1.0813325194621208,1.1857680575895142,0.653089906142728,0.5233886189138304,0.8999260470399236,0.8226354211131724,1.3858093449185245,1.274894527636798,0.11535449387781709,0.34226838762781536,0.5728866616653056,1.640955176983512,0.6799985814945978,1.3140529108676173,0.9825651268611107,0.8624961441702284,1.7573081744460683,0.6893176065003755,0.5680244300935403,0.45450805007631745,0.41350433450331125,1.4077330805906019,1.5100228055119969,0.5247216120903909,1.1380198406662765,0.8747974305089914,0.5510967327381648,0.9520164479585997
1.3031032437794337,1.0146750682081696,1.4885394228201816,0.7640909925361588,0.8445215961371019,1.4187252497301173,1.3743256697751145,0.0,1.2708239828730294,1.3532580327923054,1.54063338172428,0.7757336404229329,0.9257139104200668,0.6456159425049602,0.5965794147854689,0.7636274113507978,1.4869735023281334,0.9222447386298318,0.699991616125569,1.2143568019569804,0.5122995864025507,0.8170222984700345,0.4533711292893666,0.30507173351843075,0.2068067298181343,1.1458561182493887,0.5837122560744273,1.0925524001467897,0.61656157587679,1.015883140436472,1.495531384442601,0.8057197251393652,1.153727854382113,1.0405179130653175,1.4779677997742697,1.1243876088523186,1.124259043462857,0.3848580230029705,1.053378836580697,0.15723959505203094,0.6228106117153758,1.400795008367788,1.3377791673639217,1.2030959019067171,1.1138004710071638,1.2117359684987445,1.1696151087518147,0.9120527454315324,0.6867093016112846,1.237682439892998,1.03739191382485,1.1199911361036414,1.4014679250831081,0.13973157032943875,0.9941617488099698,0.315225216458917,0.6333723143467436,0.5513393147263401,1.4040223334297568,0.8907313595000901,0.348932651597227,0.8071730071868247,1.3219913701592017,1.413028518714339,1.2698905104425506,1.052237143901303,1.4536234639649255,1.3014545765212484,0.9223562637833843,1.1444832984430433,0.2909754031262348,0.7932284070661264,0.44990310218648255,0.8360805168499679,1.154881231058842,1.0883030880739302,0.614067449920567,0.31056552714413416,0.5169354588199224,1.3771413777401575,1.225296625475969,1.327169739724455,1.302974002641297,1.0538872293826798,1.3626613361865418,0.8690025344629615,1.1309538225336708,1.1912684634393125,0.9150385626796641,1.4175160093967987,0.8615648481447351,0.33392920688864897,1.0360582766533923,0.9281612807876747,1.3131027308547507,0.25868165840978,1.6730380132392892,1.190421352659289,1.2790627918605517,0.9791140778907413,0.4320847572616217,1.3640519170169478,0.9919795847928091,0.34080901616169057,1.1305154044219885,0.2877326501159234,0.9030297647207217,0.8036370668213489,1.2167694213783415,1.2591042669876653,0.742931479715103,1.3547369431033978,1.1558567368166885,0.9267364426299488,1.000317574132711,0.9018772579463915,0.7152173593474801,0.6115149478103115,1.496172577731395,1.1610621035402633,0.2612857899311445,1.0782808570627853,1.1492558363815364,1.4006567407093589,0.7436824227806601,0.692360246246063,0.4929735681498988,1.2279331151135782,1.0880837666299126,1.4524415374741777,0.8994120993141961,1.4352881324323026,1.1853257299576507,0.41328135812227623,1.005759482431859,0.9363206774651258,0.29246606836724837,1.0991081793835191,0.8858693969665129,0.9271849357777782,0.6321792615292344,1.450663946850576,1.2410088021470227,0.4800692490607755,1.4147650162300647,1.2163883054295557,1.1811197212089113,0.586664298458985,1.5591797859208714,1.5822365644746945,0.734790268650341,0.7521790040942317,1.361477040298425,1.4807043047361923,1.1033216860898145,0.5279794267970844,1.1495946798235168,1.2314904755001586,0.9730467023671018,1.4909842688069102,0.5783636180432487,1.5503612961677922,0.4943751839617681,1.4493838224960516,1.4449978136480552,0.4894976387288945,1.3672249360960298,1.213575997189968,0.8775065139261935,1.235699190086815,0.7429813512476807,0.23151014981639234,1.2181955355057588,1.43339670302858,0.8469611508968639,1.6598029678446213,1.2177375108561284,1.447186273643567,0.5585541951823716,0.8961054660323378,0.3081626575471766,1.4736571145812742,1.3869020811449595,1.1459765086901026,1.0364134209763372,0.6943324539636757,0.7916702978127107,1.1651821801319548,0.5489409994464834,1.1784309673326903,1.0363547867078906,1.5065565176611362,1.0164742805978102,1.0349377697910827,0.5195412181608212,1.1590575153460956,1.387452136008046,1.0747525405079439,0.5989189114825705,0.9681260810188965,0.5518197227783884
1.2095449142363357,0.2596021150837322,0.30273590161103575,0.7465342901638757,0.8339659790873324,0.1669920981869676,0.8357330549590392,1.2708239828730294,0.0,1.0971136048755155,1.5837432668744649,0.6632635495929453,1.5289292635544531,0.6754927585726477,0.7473514056471302,0.9141634075448238,1.0627878745323567,1.5997970151799514,0.9927775652908079,0.277086137430342,0.7589597826394352,0.8982616069480975,0.8277882824089486,1.4932419317344414,1.2105305729433886,1.57131324965089,0.7202597228455654,0.28305755705901686,1.1451284066541212,0.8790438120883277,1.004504044276491,0.6064888300852405,0.20332042332953024,0.6878589344220105,1.6807434121495584,0.37603785502526565,0.15229481187626429,1.189514802056958,0.3755362673917606,1.4211218195779183,1.3126345387788982,0.9432127318204865,0.09360181672087532,0.5518039402458481,0.272247777445511,0.08765430415675525,0.23516093579344616,0.8673375864866364,0.6164150923632329,0.30679420175065486,0.6023879044836438,1.1876476413090027,1.5851901170695355,1.1699343810933982,1.1195278990435749,0.9558183859513649,0.7413565745559793,1.07492942932636,1.2411166351656218,1.4794009266615908,1.0759206256313374,0.5997256128913662,1.1870232492380093,1.436308929802133,1.2435113611371482,0.8879742101904761,0.19068747987969414,1.0908275084639985,1.5086823563831253,0.8383716296854551,1.0542085324993316,0.9945408543575398,0.9180036495585434,0.49826235816909686,1.1080807050861001,1.392388317662202,0.823824054459046,1.3967826502417147,0.7703668475967744,0.7107940726163247,1.506658992849503,1.2097851529876797,0.879661408924004,1.6315396507140278,0.20934409340032925,1.3924144936240435,1.100738101903828,0.8717070922093594,0.8773061145780178,0.6561742086558394,0.5693097107288343,0.938410555826899,0.6687258670807187,1.0884627510652622,0.20745687915374156,1.2707494215923456,1.5918760891546166,1.395314055499553,1.460883822016076,0.3386616694216439,0.8402409886676796,0.6571683199464489,0.27885179028338836,1.1751726535378229,0.2132548116798024,0.9848408823110567,0.4802446319424746,0.9265758229727334,0.5047882001129913,0.012487908469294838,0.8065794392023911,1.1729553951254728,0.5157170086379644,0.7047381940221481,0.5965207935585412,1.0159721211142179,0.5972362994447222,0.8243066408390162,0.8673588635010612,0.588155665827521,1.0273330702624472,1.3602631325414174,1.408247417411167,1.5161433557166575,0.5716742916808288,1.3118371193037797,1.2991414443431395,1.1801968559639548,1.4123203957335233,0.5124965156896477,1.0051070524710564,0.16907459647579146,0.46631393582164443,0.925036113138338,1.1725429102336495,0.7808779297015355,1.5180817735469607,1.3513923142544715,1.1292828355809599,0.343697411473653,0.9617873433332847,0.23293567593647224,1.2289699911556295,1.1438941617576803,1.1422750644852837,1.5005520177124474,0.698126238561236,1.326054292249447,1.4639181500319498,1.1182618787913965,0.9244141343456059,0.6003857554885835,0.5635000893274688,0.2726717854349755,1.0246574182955146,0.7443060766903966,1.4098088245743525,1.0557870293286729,0.7179404860385986,1.4912256173028196,1.448759250402872,1.6267244261887743,0.8108759547876657,1.5666331815840422,0.7637403836307668,0.7942051472267722,0.7179113657490274,1.059773169340522,1.1261541660280565,0.4146186613193897,0.8949469925585699,1.4114930998425042,1.226682404366874,0.26090185475381816,0.5848578537625698,1.4822400476717894,1.223089715447466,0.17678094482880835,0.8324641426120372,0.7459283351038838,1.3662584094997245,0.9343951742578928,1.1448654021412037,0.28911834644224277,0.9623120312340662,0.8262638888940128,0.7339014688398857,1.5866170040608938,0.7780051100332995,1.039971651204266,1.2673788984428422,1.3768478694255117,0.9970155688577107,0.5532397325713491,0.9862892115594191,0.7591826348378462,0.3586289535092273,0.3995433202430283,0.6916003266504492,0.46036193827949834,1.185763664812017
0.16389231991155487,0.9970592586827315,1.3844642973422023,1.453715510585046,0.5346805998660705,1.2299009265208722,0.30320245980038457,1.3532580327923054,1.0971136048755155,0.0,0.5001764165577252,1.3745202680876174,0.8357392429535009,1.2347175547635065,0.8724397073038709,1.607645533375324,0.17929353776483184,0.9251954619553404,1.6311308652859497,0.8204640974115008,1.1061823686384014,0.5428090058184554,1.043719084291876,1.3503624466990243,1.4613151338217765,0.7096699642456294,0.9361169864067267,1.243789589035858,0.7734658467714451,0.3579648401244676,0.2383609162446286,1.3371414426936876,1.2123544369022705,1.5887730060271616,0.6403291466466517,1.3623912974861145,1.091932503136307,0.9998243680538021,1.3092316816709206,1.421102371640287,0.8757609763815659,0.20531483226701966,1.1835548970012566,0.5455027952312236,0.84573718510478,1.1374727034975531,0.8661734132907749,0.4576660246299553,0.9069512558172121,1.3625999083183076,0.5402482370289441,0.3150072231944054,0.5577105393871309,1.362534424361092,0.3972574280825822,1.1635058169599681,0.8235388938422942,0.8102224424941824,0.14645302400732915,0.8080257670223421,1.0043257890304993,1.3303804148915908,0.12402905315556252,0.36944455679623994,0.22833741403756672,1.7571431607901913,1.1234066640304698,0.05550755051034481,0.8147727400400792,1.7646864578326025,1.3672356146223554,1.6920284463117727,1.3563873113692608,0.8328732584503303,0.22432305353203344,0.5438005412894521,0.7846772227061267,1.219361336839671,0.9986476278825597,0.43946331081210405,0.5703219258021016,0.14610967849374473,0.22244222404240632,0.8577180566811717,1.3064245399105898,0.733527755984836,0.24591031909784386,0.2399297841416015,0.45173337598537155,0.5262645246664264,0.7108544315361849,1.188080688796876,1.5699598764383054,0.4496309486866137,0.9190141892422593,1.150464651513001,0.49559600770544454,0.4632903520940166,0.47633507970911754,0.8796068220204876,1.1477360484584083,0.48831601844081035,1.0336601038953233,1.0318306350536015,0.9067025187276454,1.1625380140631587,1.2837430984224687,1.6439540296367248,0.5936695432694745,1.088987972307402,1.4962994823502282,0.08618427079574223,0.5835653930677719,1.5332786843961443,1.4844492838701842,1.772882514589801,1.203756613221301,0.7874511338007928,0.3738458258613352,0.5112714207845338,1.2799856967764636,0.5176139116160903,0.5111322382436995,0.47232940774987786,1.2045566822340423,0.8142293741963458,0.9766715240338832,0.20175689559699364,0.5661200902738612,0.7087567547523812,1.763265443786996,1.1287345109622688,1.477483305375231,1.3230399264319108,0.4174221428360905,1.6054331776648367,1.4094161277575152,0.4901830650385986,0.5102893014165184,1.0216104052398987,0.7218036903970797,1.3095944879848282,0.23753593202041004,0.8968460956744918,0.06369922598319498,0.5692903192116794,0.4012010062325337,0.9182485563314585,0.36682108313035594,0.2596873575192137,0.6213501781245874,0.8133132703922752,0.5852202502060935,1.3478150055056533,0.25130862689685907,1.0574522346398483,0.5126477119217596,0.12245780542363824,1.5743515371092047,0.4066815756912474,1.0434786123709494,0.5475283356917265,1.239820383936768,0.5116382153385626,0.43419798648427316,1.1839995793916374,0.4256729887578517,1.9646427828009383,0.5169327151641514,1.4562422569126916,1.5771743182065703,1.3087984797197034,0.25576222652465297,1.3523153286521725,1.3524110818976642,0.39760497116710375,0.25258680016460855,1.1825872100278445,0.8484082565442187,1.5495871149274354,1.1897425750861979,0.2822682164513369,0.04912935540090408,0.8150318761138529,1.8059551849563478,0.6922901574662337,1.4630930767521677,0.7143005194484483,0.9148835551697482,1.9339040960999792,0.4635284628061473,0.279735175158149,0.3372671158575,0.5878016434177653,1.4962645090814364,1.708869080666447,0.81640550491959,1.3503875705699253,0.9601554685802683,0.7280363194886447,0.8517882700503523
0.3748385371398956,1.4541150034372647,1.877019334185365,1.8357090230532362,0.8801137163091041,1.7233974005486115,0.80047581509907,1.54063338172428,1.5837432668744649,0.5001764165577252,0.0,1.7663707710861205,0.7297603455130013,1.6071992393396004,1.2095351356531865,1.9707124204146824,0.6138329714619897,0.7989945499005695,1.975495074893753,1.3097676307506738,1.4443365705749232,0.8514611794654587,1.355517458130332,1.435938032671187,1.6962191630108063,0.49836251331967635,1.2811892217633463,1.7016850911733001,0.9261660940751256,0.7439115249483225,0.6893031079930385,1.7381727189590008,1.6805080328531572,2.0104600181940504,0.19901472195309589,1.8173028121023056,1.5619633205390104,1.1559202045861598,1.757070412381692,1.5598111199645577,0.9404960487402091,0.6951454356115908,1.6727965959203706,1.0367170745717529,1.3221341193982743,1.6163500002924338,1.349478552873701,0.8083529392426118,1.2854411557682588,1.8326470058787825,0.9969482992371369,0.46465098654631737,0.18567111414187085,1.59237855967838,0.588165055980936,1.4411175674848002,1.1651158457947046,1.0043920866318297,0.35449149050580964,0.7330268040879424,1.2149299023642663,1.7322188972563346,0.39711147899357463,0.15376671498690267,0.35132501713561004,2.1605764872573947,1.6214584179621985,0.49535056246131354,0.7175614660052522,2.184510872769879,1.6406040985968058,2.0489952048159146,1.673445111717863,1.2516053727260916,0.4997689280944092,0.46164682004884156,1.0965298404000772,1.3174422712347031,1.3278487405299053,0.9382324042837251,0.35112119384995544,0.3740827598364326,0.7219746425077773,0.6704769278361441,1.792655962165143,0.7069954905980758,0.5154747081710495,0.7120491162040778,0.7985964254552668,1.0236351369013175,1.1275086870802433,1.4748850788587127,1.9928412799994397,0.6538716720541141,1.4142263694133608,1.2944688765199996,0.173940401756781,0.35134695699164664,0.2666757573728523,1.3325878109714884,1.46341080894434,0.9880687795081854,1.4856647967439367,1.2000009928984445,1.3839990270040523,1.4294075463921925,1.7075288327340525,2.0108619137538257,1.0863248036164437,1.574804205954864,1.869081082955442,0.4167756809530488,1.0681933387199782,1.9398588176593194,1.9094894944455494,2.141842378111428,1.5936388086260003,1.098941048121313,0.8489932934307552,0.9959349580091678,1.5482086703228892,0.46558287638788726,0.39827526328112806,0.14316276469232725,1.600736636239906,0.8670180368568977,1.0702018760949001,0.4160326491712341,0.46814813432948665,1.207455874454174,2.1332667321079435,1.6259038651486653,1.932571435942046,1.6327733167876541,0.5566775868003,2.0056477241337656,1.4998921716862739,0.44252288810952217,0.6735314782545989,1.4621183671892697,0.9738974475891625,1.8024329184697354,0.3730177097042932,1.0621749517935652,0.47374543755431014,0.35835839464097025,0.8865975485656106,0.9835839273212592,0.1763409824511363,0.631397943974891,0.9016802063800506,1.2038787500104466,1.0853705498331316,1.8412097916753707,0.5866851352708821,1.3973595083257693,0.3982970950553188,0.5285528801873572,1.9852550354354346,0.09361129556870547,1.06547083663507,0.050313968985659,1.5743286131667007,0.10763027234575227,0.9255670722570675,1.5177062269671575,0.9248585199485837,2.369536548521452,0.6818987522887656,1.9197737781875328,1.9397920374127753,1.422683979656179,0.3846257057973571,1.8422895146855731,1.7604986058100822,0.2725249865526523,0.38732917013351714,1.6790608303738328,1.1542108562514113,1.948367184955175,1.2957777114916147,0.7538129045426288,0.458291492933325,1.2964724851750633,2.19915496910632,1.011393163194051,1.8499569264673708,0.48810865582054064,1.240305293605368,2.3365308924201575,0.5063202375220098,0.24364113382601799,0.649120756642628,1.0472202864261873,1.8157840630749764,2.137898934107914,1.3162711418185122,1.7987039980509711,1.3143141725339047,1.1769760423784867,0.9888847990801182
1.4173528176014425,0.4888396491266939,0.7797277679987623,0.08962725010429388,0.8862608729965191,0.7610242575614161,1.2238994528475486,0.7757336404229329,0.6632635495929453,1.3745202680876174,1.7663707710861205,0.0,1.416430566138028,0.17473407306017877,0.5715550844099061,0.2640164305869467,1.4247884574974181,1.4572404036252182,0.33184881545415074,0.7721812504918517,0.37056533299946226,0.9187288872685195,0.48471424562205634,1.0646994742375613,0.6397581254840485,1.5566454682299282,0.49966636656840646,0.3974427372921342,0.9893278345015719,1.0356419820465834,1.3936580659845956,0.056914028286138084,0.4782154922930008,0.28693463203132225,1.7916125373930993,0.3783546291157337,0.5182480550760876,0.8945334998860581,0.3230100671034661,0.9318291323766372,1.1170884238480958,1.3051157781490197,0.691523355630967,0.9388474833102649,0.6720296388035646,0.5793560442832809,0.7040102472411515,0.9591145047270202,0.4809540885355353,0.5033884639725016,0.8511703242602692,1.3039542694021615,1.6966059649753775,0.6424644754142799,1.188510850855851,0.5171850060956544,0.6097567529141624,0.8925281741037462,1.4903370372352105,1.3676206940345332,0.7632958226285174,0.06398860301209669,1.413489197379222,1.6136164127401467,1.420701550887157,0.39553080882589997,0.8502982162208365,1.3423693425163317,1.4022754444591272,0.43887826968203264,0.4942012445653796,0.3508792854644784,0.33135433854022767,0.5442898395867224,1.271981990428356,1.4171058632557174,0.6923934931694807,1.014385046288563,0.47715453983569955,1.1483808173578778,1.5589912696970891,1.4303729734648614,1.210520490979063,1.5446121220101523,0.664965996030606,1.3010490966626393,1.2537603970397293,1.1395699740670233,0.9686037795406187,1.1381192002103042,0.6638920737223772,0.4791460225991439,0.2766340694325195,1.1291136374853685,0.8069307365850276,0.8971054304926748,1.8373067779100758,1.4727858386276504,1.559205451348366,0.5558518765175917,0.40747857612920885,1.1077659664258603,0.44454299781261464,0.8572790251783678,0.6441878083740081,0.55036123099303,0.18405512683399292,0.2885785691847409,0.9181643299367273,0.6554016023732645,0.14780822822380082,1.422306170218034,0.880965436481449,0.18509220858698927,0.2259106610710222,0.40758719119549647,0.17297328636683218,0.6905631797600178,1.3101642559772981,0.9331938317245301,0.517105233333301,1.391613564276737,1.459123064163881,1.6551502034897532,0.1699881100204518,1.1535368931177474,1.0390103489386329,1.3583671211280033,1.429433714712748,1.0705259280952832,0.39718056975683474,0.8269780624611232,0.4154581782313385,0.3629947088038981,1.2306198646981585,0.24048064271075348,1.0649905670718733,1.39709922425547,1.1331437949465077,0.410761682951662,0.845238072909423,0.7640416322213119,1.3961163916501749,0.9092358352533335,1.4353637934854417,1.5506751918527841,1.0196074483160391,1.1074287086905945,1.7045815275849752,1.5077701286312892,0.8837288718424194,0.5663482664157377,1.048944833356454,0.7839253413338626,1.187995703792563,0.4046105325638291,1.460267722200437,1.2814371449621742,0.23544435854931642,1.6863661792707794,1.1854728627001363,1.7965668643277461,0.2967105077018143,1.7100504800202434,1.2191521281966682,0.3300373878090022,1.1470072544216419,0.6038856901263432,1.1261348703248066,0.4740196521377353,0.23950120450601572,0.9815483827130934,1.382377260065847,0.7279031941389699,0.08505317311788049,1.7657941028643664,1.3798688634877132,0.8148887540473098,0.6485568887574646,0.18313126121278697,0.9929533465661414,1.3391644956363098,1.4221377777211437,0.7181178384590924,0.4338586120911115,0.7648649882432246,0.09015721098474391,1.5757959448559817,0.5551215699317121,0.5704137566077943,1.309739817778468,1.6257203124366761,1.1180495851563461,0.8123727007707734,0.34248804303322844,0.41980590497555115,0.9415284641560936,0.3285689916213642,0.46168930183159895,0.6728037389870692,0.9844304659432003
0.692993395134515,1.3075368842134076,1.8266879954301292,1.458507575840196,0.6992191318357011,1.694518443575903,1.0561596462783687,0.9257139104200668,1.5289292635544531,0.8357392429535009,0.7297603455130013,1.416430566138028,0.0,1.2416975873588432,0.8676981794588577,1.5455421152477005,1.0149485268060678,0.08979991237454536,1.5185755417626328,1.3111438284993813,1.046633190172641,0.6329001096752509,0.9337274637371841,0.7446775455037288,1.1168957021089538,0.2435198099393833,0.9324555256815665,1.5206346835050397,0.42805364512459687,0.7207647131472499,1.0677647119729905,1.4104810755346804,1.5359986184593053,1.699192740759216,0.602035905217553,1.6134374684017518,1.4401682509356786,0.5707853017594511,1.539429352751382,0.8984243847977376,0.316431428638795,1.0045814665029016,1.6215402062117767,1.108714685839938,1.2643834315282758,1.5212410249691488,1.3146182695702613,0.684068076300382,0.9957272098371432,1.677526290740426,0.9676915873472753,0.5224881253876362,0.5522863180539831,1.0182047491481008,0.48559934823323614,0.9508706016645533,0.8451736043386542,0.5240404300608543,0.7853722344498374,0.05049909942542947,0.6827567430620914,1.4069738958625277,0.7316298370772888,0.6577600622233637,0.62927756830605,1.7964801198425944,1.645957224306853,0.7844275008716979,0.022294772652986135,1.8546378257661154,1.1149297385299566,1.6066775135859426,1.2057003908472719,1.0524472099171525,0.6243389137465102,0.30624169900030485,0.7524730038636486,0.6452765313379526,0.9405515310409486,1.150967192701574,0.3788022633715079,0.7198434278025245,0.9501336335618403,0.1323296495469542,1.7118404463891883,0.13722828319033875,0.6091397952674704,0.8531423504730233,0.6757678946940906,1.2332461815741065,0.9608569856023516,0.9918438848891338,1.6859881360501852,0.47868583931399833,1.436553693964237,0.6673976158426778,0.8966687533958552,0.4182573979377665,0.4755680025696614,1.197942089197525,1.0257535304187608,1.1763803263075316,1.3188790877290022,0.6183313811896709,1.318046292780218,0.9262404072554691,1.4342501934312573,1.5888792084656056,1.153376200551803,1.5169970395244032,1.4711125793259852,0.7793403179291805,1.1019668755377217,1.601428918894631,1.6158327170795888,1.713011057799194,1.263588152542325,0.7533541876118428,1.168769552762895,1.0509948324986012,1.0278533693856557,0.3248734888906344,0.36051612023973817,0.5909895759966367,1.282264247461565,0.2648849930155777,0.43603189858098823,0.6353711836188061,0.2883300160931903,1.374921115594789,1.7069158845419332,1.639616125524784,1.7173625289478673,1.159340202850383,0.4421590565829416,1.6476430368433908,0.8077926135918578,0.35448877701994724,0.41991771029283304,1.2683156032517693,0.5937103610828824,1.7609347163706621,0.6093478731816946,0.5179436969703811,0.8714158367353974,0.37188221056143167,0.9816455592878943,0.3438759713620396,0.8251555335337724,1.0913249188062997,0.6065694641054804,0.9602671527079701,1.2407802380169684,1.8002221207942817,0.6524591893151103,1.012162873209136,0.35962837880182125,0.7408927717525741,1.6518706056288603,0.7207329923582788,0.3662611844161621,0.719176375007948,1.148012683892204,0.62297517046143,1.185668958777264,1.0992751479711043,1.13554084420185,1.9943194712746157,0.4201480578595489,1.7329441320699437,1.516685795267834,0.7527689405191331,0.5868227896580835,1.777988650301441,1.4450093839659048,0.9443591984690987,0.5893074385180647,1.679978893391913,0.779194449251349,1.592744881238664,0.6327188231022408,1.0934847971163937,0.8373191677823154,1.2636731276972437,1.8113869279340569,0.7160243003819546,1.480577415650534,0.25987371262374015,0.869860699374396,1.958626511084194,0.37373242158014286,0.8150897748009827,0.614936968708535,1.0071897560174166,1.3354132122952729,1.8335296196377675,1.4108435874584468,1.577543959624852,0.9728516740417773,1.0696685520583715,0.43694657437078965
1.2659260380945843,0.4504478994107977,0.8525183753572576,0.22932494280953306,0.7290412647921388,0.8025539419719575,1.11029583984317,0.6456159425049602,0.6754927585726477,1.2347175547635065,1.6071992393396004,0.17473407306017877,1.2416975873588432,0.0,0.40267247181467586,0.372950471490162,1.2994638951277164,1.2828517221373916,0.40550007216273365,0.7190237469647802,0.19639899040340023,0.7563248796203998,0.3107940051340334,0.9196865403093084,0.5443243426255842,1.3835935791571468,0.33021953993077774,0.454208699566256,0.8146395605905852,0.8870046513835538,1.2748440346643817,0.17672417902722756,0.5234574371770148,0.4597001690624052,1.625127823117364,0.47881409295977817,0.5232121935825922,0.7245097606771799,0.40802942158434147,0.8027882183353452,0.943099900160761,1.1830887475151308,0.7251307467427349,0.8405511220266021,0.6127519388233933,0.601739777449501,0.6557194899977817,0.8041820495000468,0.32848185338600616,0.593117929659961,0.7300766677427233,1.1431098970937115,1.5308315945144895,0.5227374431803832,1.0246844538866,0.3595398236803923,0.44373567191283286,0.7178000231578368,1.3436280389516189,1.1928902176505274,0.5928375505153918,0.17537004327161115,1.2648049646008452,1.4554045439913799,1.2651378618868554,0.5643161535374204,0.8660681044430439,1.199066881718575,1.2275492915127808,0.6133875710977073,0.388438675698762,0.458008891615426,0.24267277610147445,0.42306329444152996,1.1175054467508319,1.246878917298043,0.5224816251011888,0.8584430691359516,0.30285631166975957,1.0495227861343441,1.3895832997789808,1.2805156540952398,1.085385634255795,1.3699132785146655,0.7289859711303651,1.1265817369356144,1.0982647715177931,1.005210816784689,0.81323572910951,1.0512275222148622,0.5318438719149715,0.32537029796716826,0.4480003734293543,0.9636050523001867,0.7794381611836263,0.7374814558349486,1.6853699604218912,1.3060037873565502,1.3934147558238956,0.47998852336688247,0.24187193461021247,1.0141388811649759,0.4127668261603601,0.6889859166725608,0.6003649753743269,0.39323489630773967,0.25745438484123273,0.409576417392371,0.8278317332337539,0.6653783842971159,0.2632952953118808,1.2769069358731477,0.7825611711241239,0.35978433855258357,0.38694943488160716,0.5394589342040415,0.0783634552481589,0.5205137558518841,1.2062975496835575,0.8257833425210953,0.3848485601014177,1.2220364126201562,1.2903678174816573,1.4923221150772141,0.10527282982379758,0.9788874804714607,0.8677976515590631,1.2040248962423645,1.2586402538429327,1.0098323449755775,0.5301802614053313,0.8445363611143979,0.545727135986905,0.2542022092624029,1.065048239238227,0.41073974885128245,0.9265618425566993,1.2285077114196545,0.9644092759717139,0.35912751767385054,0.672806559422341,0.822466925770383,1.239696635067726,0.7354938572714019,1.2968636534521394,1.3811722943009936,0.9013566450581874,0.93428282257887,1.5534596754540584,1.386245015231208,0.7160961949185798,0.4214894683045212,0.967716128625364,0.8489296801944269,1.0354465627000828,0.2300288303466055,1.29147230902919,1.1355569108868173,0.41017790919161295,1.5294778826197797,1.0158064948841259,1.6357083467380493,0.15141127602165755,1.5471757158384916,1.1217434910393138,0.16639162003658645,1.046133500613678,0.770462937456881,0.9572015203941454,0.5916317385516316,0.3425673006633017,0.8355218824705918,1.2247804865399383,0.7979274564815213,0.21649033094646963,1.6202914188511661,1.2224450113728031,0.844029776205986,0.4759899245167948,0.35417997503393034,0.8349816568374148,1.225373860597879,1.2812398767113893,0.6567822535953812,0.5941771250541781,0.5990664417904167,0.24628713090905635,1.4028276274213276,0.382666975971271,0.7360373436311015,1.1417843927529026,1.476812368960789,0.9617545001927439,0.6971789502217748,0.32592681456747447,0.5934550235457233,0.8970374377547565,0.4293358467654105,0.2941563894176894,0.566077037872407,0.8100639729149448
0.8807860921000011,0.4921334060090772,1.0174570797593876,0.6318385239088615,0.34233046260184075,0.9111124652126417,0.8139519485388965,0.5965794147854689,0.7473514056471302,0.8724397073038709,1.2095351356531865,0.5715550844099061,0.8676981794588577,0.40267247181467586,0.0,0.7611805109224189,0.9672535297667666,0.9205527677752788,0.7698246719276786,0.6314311517024603,0.23742794982517013,0.3586457471840182,0.17701172165102275,0.7610022514810316,0.6309566884185649,0.9884213725602934,0.07248354200221459,0.6667773532275114,0.44295019605976654,0.51480608007366,0.9583961335020441,0.5549034532861348,0.6967345875047646,0.8427138513278026,1.2225083378111645,0.7502867989997544,0.622921693600427,0.4423197104960369,0.6750957353862901,0.7249325022953724,0.5960705031918918,0.8626085954910695,0.8305280049628748,0.6097637658032414,0.5387389508728296,0.7118873246750397,0.5963672136076756,0.4202268653119984,0.13691898408992517,0.8262010322296525,0.4501642981634065,0.7448900319042102,1.12838633663877,0.5472257568022295,0.623795651853095,0.3173225593702078,0.049014348730161146,0.35401413167052054,0.9660113787691387,0.8175254949105217,0.33120826876943826,0.5503644039603435,0.884521590480763,1.0592016798123962,0.8733635618693001,0.9659879945264574,0.91076580977452,0.8302491012563518,0.8512517636566818,1.0073801573168548,0.5097789498687846,0.8401205630337225,0.4840099910159503,0.25792951866949376,0.7287001520703511,0.8455569611639642,0.12111022502442038,0.6547080427903966,0.12621558964725701,0.7947812986332757,0.9875598192856437,0.8979503961922196,0.7617566740629114,0.990615298669403,0.8933916656646191,0.7432821382558208,0.7079552797620433,0.6626970392147736,0.42803799783130864,0.8269997802389373,0.2650492362502278,0.3307440542482828,0.8279162866128256,0.5616005833968221,0.7412688527375858,0.5308163608566503,1.2967031205325037,0.9033721395160188,0.991000740832546,0.41711598209110645,0.2760449480010347,0.7759467061917508,0.48810477641389904,0.4285259349802159,0.5685148481256045,0.3291140114001685,0.566824173451475,0.8013976649669344,0.6208662214005969,0.7348835399087241,0.6610551491426094,0.9026132793902033,0.5605489893856861,0.7542239265753925,0.7532677474599289,0.932368613962881,0.4054951011892388,0.11942833506723119,0.9286982380613559,0.5715742548059355,0.4319730550732365,0.8201178528212509,0.8879763184619255,1.091483871940183,0.42052456088902085,0.6150211526172222,0.558979445747862,0.8146082233051527,0.8580227207795942,0.8560224275750331,0.9238661462434988,0.8963218722342624,0.8510349661812141,0.45097893362709873,0.6628982513450201,0.8114830008475462,0.794714842090065,0.8260428368258786,0.5619521690867384,0.42754462245409675,0.278220605347813,0.9624155804874742,0.8468241757679852,0.4055012753474676,0.9360414975433421,0.9792136135563743,0.6082128979472946,0.5999445963691262,1.166664721963349,1.0600963998641004,0.3134557241503974,0.16101200245996455,0.7664232371649545,0.9987112348650307,0.651202091181914,0.18919415254532485,0.8890983362297818,0.7627106932854443,0.8031998612647437,1.1346633856494335,0.7113077496545488,1.23633182993451,0.3706434346300748,1.146248390626472,0.8653057424779713,0.3139954002524157,0.7864805017961343,1.1729245093346992,0.554833270302612,0.8709736798340126,0.7302587350936339,0.6834686760889448,0.8303248659936188,0.9641101704898076,0.5857222474568804,1.242209612160415,0.8282430029348283,0.9206416010999134,0.0917571664572574,0.7543417572472558,0.6231501539921933,0.9227881070704209,0.9157870858169108,0.5642838180885928,0.9966977597659021,0.19818081474224022,0.6488036327667399,1.0072986196094125,0.049462157652708276,1.1386200410965763,0.73914634497816,1.09408316429715,0.5717053398390228,0.44155461702905774,0.6245516930292144,0.9766181746057243,0.7979107502484143,0.7120175984694861,0.11002155162107079,0.37418728150115566,0.46147923141150426
1.63600238915386,0.7527554698889646,0.9873188062307614,0.17444852544779638,1.097263380650444,0.994175263851709,1.4762445201540393,0.7636274113507978,0.9141634075448238,1.607645533375324,1.9707124204146824,0.2640164305869467,1.5455421152477005,0.372950471490162,0.7611805109224189,0.0,1.6703444428262177,1.5733986970589484,0.09562762164141252,1.0361736221055304,0.5280914224824259,1.1195939454081978,0.62785402686815,1.0685237672215506,0.579144280291477,1.7126963882243398,0.6897143642226806,0.6364786959667122,1.1306041387996781,1.2587996588631267,1.6433807135390939,0.3187388691604024,0.7191096188897917,0.33971134759014354,1.9771352100748787,0.5847310233987406,0.7747134591269715,0.9877200853706802,0.5499315085452864,0.9062123952359085,1.2327780023037018,1.5527633853455722,0.9313449499340062,1.1968477716888983,0.9359171279298789,0.8278743546865989,0.9679222430112351,1.1735196028235038,0.7010154115797534,0.70877064391238,1.098529995007863,1.50607024725863,1.884672414953881,0.6242840769134317,1.3842484652305505,0.5965081621574782,0.8061049190064176,1.0334080243803991,1.7154338971282892,1.4993753523046065,0.8648920975375602,0.3262604912966436,1.6360498085871724,1.8202456432761114,1.6326846290414647,0.2898625034011231,1.0964121058101302,1.5716964605288277,1.53423383842733,0.3902590426552175,0.4773371536270581,0.08774251157407169,0.3442394164272039,0.7899919548795302,1.4861525039556798,1.5904465314022875,0.8758176916587438,1.0500010396048605,0.6451099377637207,1.4066906715121459,1.7349712012581364,1.651285021466113,1.4559919379888946,1.6771797996876816,0.8846846814455788,1.443394510622719,1.4662785157517149,1.377817664385054,1.182278605954684,1.3996053904379144,0.9032520211630939,0.5550972172082959,0.3457561405919904,1.3208109398606191,1.0681217746733143,0.9495489174954911,2.054627273914808,1.6586711448651419,1.7477551445816433,0.8175279703123579,0.5251933020987661,1.367571965437688,0.7083210980190963,0.9437557811731816,0.9079959141050774,0.6238834025841452,0.4364627359573988,0.04339367548602474,1.1783956060895453,0.9073510692845246,0.11788879211021552,1.6491012124555224,1.1387496539302755,0.24518683870609218,0.36326194176884585,0.17193357040531074,0.41298206964424794,0.873531694287287,1.5669682299396523,1.1877670305658345,0.5421777552858278,1.5679078507968023,1.6382382351644813,1.8514294136249074,0.42032432804750336,1.2809827192530934,1.1338368600760926,1.5725572928323879,1.60005952347628,1.3345418374039177,0.16418303105064871,1.072571121114986,0.5769835826059831,0.39076917445422493,1.4214716746189617,0.20647446157949925,1.05302466995394,1.577199352366642,1.3146829539646923,0.6743020929513123,1.014172943000127,0.9847727434024697,1.6066455622258444,1.0276181685120012,1.669813806013375,1.7263087880283188,1.2690656917822731,1.2144735538283158,1.9233071404993087,1.75594311807988,1.0715480524522807,0.7944385226326112,1.3113380212103045,0.9984950861292432,1.4053939275916443,0.5739707988933161,1.639223629386023,1.5077548787074209,0.2691089058965252,1.895397858594834,1.2674759859792335,1.9971624359244537,0.40461464636529776,1.9060493732586596,1.4780506637328132,0.45906806792899507,1.4046313783028361,0.4577826805190154,1.3070135654467097,0.6482640080061779,0.030928714229017624,0.991744152950814,1.5907793096020988,0.939970436522308,0.33154847157406314,1.9922433681083145,1.5886022142296485,1.054477792206793,0.8215874580897682,0.1983213391612134,1.03566857161718,1.5915843350444543,1.6540994476136919,0.9819742994270817,0.27569075044110547,0.9593238908222818,0.1814463814154174,1.7323585324382231,0.7319298136833157,0.42192071562064826,1.492669757667921,1.8477480424653911,1.329624700473724,1.0628777836678573,0.24428403549510988,0.4242673661693652,1.2047775860853904,0.5410834259496958,0.6579488179661217,0.926541866324131,1.1088776835623828
0.3353233403023645,1.0052549228966967,1.3335057665540908,1.5084110806500286,0.6471984287693758,1.1786109286931947,0.22706707641564763,1.4869735023281334,1.0627878745323567,0.17929353776483184,0.6138329714619897,1.4247884574974181,1.0149485268060678,1.2994638951277164,0.9672535297667666,1.6703444428262177,0.0,1.1044425904651582,1.7030203005437659,0.7881565854668854,1.1920756218772461,0.6699665147058604,1.1432968726010726,1.5064652494407598,1.579328804068205,0.8849338297241616,1.0244819514555081,1.2448957579636586,0.9297184413464673,0.4716020154470313,0.07549894265288737,1.3823361645492562,1.202651642730093,1.6152922394792202,0.779542642679407,1.3643073723602053,1.082589397075528,1.1485301348234234,1.318914058109995,1.5656159948149284,1.0430769157682112,0.12315832075310032,1.14257196138315,0.5228076391478306,0.8352300924460428,1.1150778304578803,0.8439070688141154,0.57567632287495,0.9787509524180609,1.3479256429276278,0.573619118708266,0.493515903158983,0.7061582816389481,1.483868592816999,0.5668160019645919,1.273055431962197,0.9184955590527367,0.9561987587869932,0.27804524288675686,0.9867873630242869,1.1396058161371918,1.3751874009090819,0.2942414786309465,0.5082205458358942,0.4016696922424394,1.794042180519828,1.0588606758313541,0.23122318509018652,0.9939306005109877,1.7902550375059811,1.4737771593459665,1.756702702957321,1.445696949678845,0.8814456765224947,0.398311303928233,0.7223717723320189,0.8946662786642654,1.3751096425405314,1.092146193951315,0.3579184992743752,0.7408084597146215,0.3126101864896067,0.21443727263430026,1.0359358418341869,1.2692218573610106,0.911184696638123,0.4180886269416319,0.304719980420723,0.5721803829511757,0.43259975574003307,0.7676204034367486,1.2935635736102615,1.5958703992338055,0.6130596158105891,0.8686941459400762,1.2983750977725534,0.5600971515136409,0.6377690130414552,0.6416501545060028,0.8961909466014538,1.2425883506771185,0.41208846112930914,1.045930321484729,1.17702579728896,0.8927081055348594,1.2759718768051356,1.3140704453157996,1.7040511382337957,0.563727680336648,1.0563179115061434,1.555507471537203,0.247908309105216,0.5728438928757409,1.5712430342163657,1.5100665523088608,1.8301148158464908,1.2590697961811443,0.8974483740531163,0.2373111398590053,0.5063684895885233,1.3901820714112731,0.69661386790126,0.6875923929972175,0.6179698493323615,1.2559069569112675,0.984307143860164,1.1376682103677793,0.3808276758477222,0.7445153191116713,0.6161506225892946,1.8200501372954054,1.067733217962628,1.477379707186451,1.4161864484101152,0.5919191982314291,1.646469260905258,1.5638833385223103,0.6689469605330339,0.6766561043102325,1.0450482328249688,0.8561270442009009,1.2588640877877266,0.4141926062612452,1.046428249441687,0.15705856813104538,0.7405258135107785,0.40738786534187477,1.0845991045124126,0.45125142101534366,0.09526595820817581,0.7526107945336163,0.882140678358828,0.5114944520377283,1.2952569373153617,0.40681410602481705,1.1440083464931121,0.6890695545631981,0.285547725490677,1.6087485505572199,0.5249998799856441,1.2130207699305682,0.6638630207172498,1.3238564544216873,0.6489976974128903,0.3252004185364741,1.2698161236629668,0.34823000648187996,1.998277047524666,0.6826557068437807,1.4476699651420204,1.6405832247776628,1.4601755142883457,0.43371030547929884,1.30737821895435,1.3925909337506508,0.432994526747237,0.4306796088933112,1.1233028094031694,0.9578224912525057,1.5923957557272117,1.3445214273850408,0.1438673706775165,0.18736526426540961,0.7978075897556131,1.8487425805503872,0.8044499634427157,1.5147337060256627,0.8885889879809764,1.0132160871251548,1.9693246475198638,0.6423224116076156,0.3711793736049647,0.4861644582345793,0.6139003669677772,1.581862934585251,1.7282470569782158,0.7454937467372679,1.3588562264711272,1.0430649143480206,0.7559507731364242,1.0084230151826157
0.7812392096035399,1.3731251493446686,1.8955865433511272,1.4948482580337856,0.7750968860301604,1.7660133150886632,1.1452613648444776,0.9222447386298318,1.5997970151799514,0.9251954619553404,0.7989945499005695,1.4572404036252182,0.08979991237454536,1.2828517221373916,0.9205527677752788,1.5733986970589484,1.1044425904651582,0.0,1.5413586950795368,1.3881325869857712,1.086675100401103,0.7081527057152682,0.9726471517949967,0.7158932189116318,1.1196402244866248,0.30234830137375746,0.9825164006213176,1.5803615777511197,0.4776109009961521,0.8057573962684328,1.1575159055560367,1.4544226231360617,1.5991224105465904,1.7421044037878441,0.6576996073078212,1.6698519283962225,1.5063758659095086,0.5881472635837292,1.5951239727879025,0.8798799191200141,0.34175196222365634,1.0943294908351855,1.691884710810069,1.191821217265999,1.337844479181159,1.5889164447546014,1.3891330290602166,0.7645818284763247,1.051844563732091,1.738300279178544,1.0474224457627714,0.6122210202817852,0.6173642117319116,1.0240124418079644,0.5738325050614,0.9769126148083317,0.9016099727891015,0.5697622551730004,0.8724168415090545,0.12824384644420114,0.7085742439973568,1.4512890904513491,0.8201603111258653,0.7365469963086755,0.7170642728701767,1.8312797305619344,1.7215754621880628,0.8740522433383874,0.1115368784989114,1.8937326978555562,1.1301584952522188,1.631042483978123,1.230802531739338,1.1172281661887353,0.7141333302188858,0.39210188928665046,0.80892569711451,0.6282100913080354,0.9847815834569794,1.2387322920340216,0.4508005540630785,0.8079392633238069,1.039319513972975,0.14590893588819956,1.7790620123864413,0.2179141036316489,0.6988710682481433,0.9414441203640413,0.7566411042813364,1.320456479152766,1.030614870944075,1.0183033895930413,1.7295977573634584,0.5640537889814169,1.5136708299542214,0.6671860985811038,0.9687558223594149,0.5011727011598958,0.5523755395654866,1.2661539345135877,1.059712550454797,1.2633162379438105,1.3824254355712875,0.6342981138852596,1.3902438091893836,0.9503005487105427,1.4848055951085544,1.6167921866083748,1.2357602994895514,1.5877417169940717,1.5041523738533207,0.8679392889576819,1.183257279971002,1.6416744399404646,1.6618187013929333,1.7386053597140307,1.3093388178904375,0.8095665689658313,1.2583028515825536,1.1339862469782152,1.045924353841984,0.4124427536883264,0.4435189866088154,0.6634678875098642,1.3292599589330167,0.30623720653726366,0.4453916201248853,0.7245615801994763,0.3730260354721525,1.4598759677400526,1.732970479517808,1.714557528099631,1.7715873189532998,1.184194332946351,0.5312575607184754,1.6846795089779052,0.7774149455530418,0.44180971349348874,0.5034730405276557,1.329919919791963,0.6523409626068669,1.83098364520136,0.6976946617386853,0.5496433417303395,0.9602525314125974,0.44467881690922006,1.0671691992764323,0.3593833037338145,0.9034717619908282,1.1803099897043905,0.6754319220186096,1.0225030059033837,1.3261692537837761,1.87004030426004,0.741472190915674,1.0549187581988781,0.44251395807341254,0.830691052610157,1.6922924211064658,0.7964566412601068,0.3468272355932719,0.7845890263126253,1.181369431225447,0.6914682717681221,1.2743089567633914,1.1348835113350817,1.2233449664248457,2.0259847243391143,0.5030832336910214,1.7900536485940282,1.5452003181196454,0.7337771029127359,0.6754177898710028,1.846089623373257,1.4901256397555873,1.0230131924447954,0.6779687121323225,1.7537487668543927,0.8302895049152935,1.6306822243241814,0.6200674661091057,1.1832513517746015,0.9261981716412823,1.3389207359550952,1.8425756520979213,0.780012715644832,1.5177998352620132,0.31542813401373765,0.9186185115853049,1.990148836855027,0.4635098276485823,0.89743694844546,0.7019874371343753,1.0855880829205893,1.3562138219682969,1.8761624387767648,1.4922854267752546,1.6324533142207591,1.0228657690719343,1.1422316452166974,0.4728099749814047
1.6501670282579521,0.8169737305828538,1.0783883782035633,0.2462458715810071,1.110831258746014,1.07985914861696,1.5157874085030894,0.699991616125569,0.9927775652908079,1.6311308652859497,1.975495074893753,0.33184881545415074,1.5185755417626328,0.40550007216273365,0.7698246719276786,0.09562762164141252,1.7030203005437659,1.5413586950795368,0.0,1.0987930728103052,0.5326019990211689,1.1276712330637362,0.6217119732096785,1.0047114570990476,0.5066180036261062,1.6956471034101173,0.7005411699331286,0.7191636602068349,1.1121265507561024,1.2778028214308346,1.6798493040947404,0.3886134815331726,0.8015536225372016,0.4352142753931643,1.9722767272424484,0.674276593988356,0.8496566616148701,0.9533141701720544,0.6352757009481586,0.8363725883584745,1.203299842591268,1.5876306707301255,1.0147759827046914,1.2438099914783916,0.9960875063430992,0.9075487116974892,1.0315654480021492,1.1881892530201035,0.7257859540833134,0.7992495016338818,1.135360199010741,1.5117226872976837,1.8814010801246268,0.5626282534692091,1.3874283427666319,0.5682821523460702,0.8167835941654255,1.0160939092883292,1.7332129020754634,1.4737406549678225,0.8358196291514257,0.39580918126474024,1.6525727306003621,1.8268128995415538,1.6430178418496981,0.3688799957797697,1.1776234299246109,1.5927863731305487,1.5084441012222347,0.4754377321983581,0.4229707842089587,0.09345208951613965,0.3140101606628283,0.8285403295553844,1.4984703618190203,1.581643139910787,0.8791432076994603,0.9957240176634116,0.6481114493912273,1.4533290452154914,1.7266108213330165,1.6667377073491274,1.4893585418579034,1.6507724947357107,0.9733427366076896,1.4223495684440317,1.4777799296809284,1.4059582273374853,1.1964673138147386,1.4513336122365283,0.9358728825809052,0.5278580365789757,0.4413835374862335,1.3224755897972438,1.1383621314087522,0.9020345536906821,2.066512545776444,1.6553533938594722,1.7452998011515726,0.8719587885281174,0.514903114208375,1.416487584217112,0.7734984999899025,0.9077542314215803,0.9724503018691227,0.5923472374371437,0.5126224337944372,0.11836064577550053,1.2285951210806143,0.9853717783735664,0.1862003547762233,1.6682232374732506,1.1856900844335618,0.339908562576039,0.4568002032158,0.2029058845533289,0.4588265833904069,0.8766969317359575,1.6112074557372806,1.2307804627341663,0.4980218420800508,1.5605837237318154,1.6318218855553062,1.8524038839579358,0.4711808043717122,1.2554575938566201,1.0979395318404783,1.5844302047824674,1.5899766372882655,1.3959181155608826,0.19971895814129054,1.15398369385297,0.6711695107601487,0.3598152154848712,1.421974987685981,0.301421049022653,0.985060160789038,1.571582678199848,1.3115648427058855,0.7340794312274576,1.0087625958568298,1.073483644795977,1.6162908333484993,1.0017256293785948,1.6939799458752762,1.717830958784338,1.3067111189221432,1.182018113168277,1.9364307003863086,1.7906674788090384,1.0738515327699607,0.8216258315775224,1.3652207275021517,1.088431825141551,1.420030494558007,0.5806307162900316,1.6327278218237076,1.5272076551232823,0.3647316350741608,1.9030117767017891,1.2257100360775104,1.9998555087422794,0.40118710936425794,1.906671176827733,1.5253133152233143,0.45788474721371764,1.4503672797264375,0.5136677960785966,1.3036538616519822,0.7419048938225329,0.10193151079222096,0.9306678305997397,1.5993309906277968,1.0302049627969052,0.40793413093957814,2.0099807312383864,1.597346267454043,1.138221998363131,0.8214880842510701,0.29334154057444495,0.9837737024164355,1.6308423006021937,1.6766070369666262,1.0417766722625503,0.3394137143372748,0.9663200348776507,0.26030312098660446,1.715426802048893,0.7357431207030697,0.478668306868951,1.488896658851515,1.8631328428045475,1.3414832758223592,1.1026581044472106,0.18711004840085585,0.5155698273626793,1.2709075323659937,0.6292271843806334,0.6725564847039607,0.9703491114624935,1.0841273962256885
0.9365996051759491,0.2835724981080794,0.5677266024332754,0.861726411873071,0.6131017812176632,0.415567421737173,0.5612427314619101,1.2143568019569804,0.277086137430342,0.8204640974115008,1.3097676307506738,0.7721812504918517,1.3111438284993813,0.7190237469647802,0.6314311517024603,1.0361736221055304,0.7881565854668854,1.3881325869857712,1.0987930728103052,0.0,0.729224424471557,0.6802081261555935,0.7617773165539882,1.3911843778125017,1.199768429097304,1.327786517554032,0.6312428242583845,0.47978788401838407,0.9615046111254018,0.6245133208951765,0.7323529909466678,0.7178458828544152,0.42373180400897886,0.8826089255342233,1.4133593266012148,0.5958508104424257,0.308758979865398,1.0528121603664033,0.5657008921965165,1.352023730771326,1.1306320820404163,0.6675464987393144,0.36339643589832127,0.2749663119709897,0.10705911319949815,0.32772181714492393,0.06935998810203929,0.6306741445584393,0.5276933341441865,0.5625714695705639,0.3498375952133467,0.9280246579602974,1.318794394819838,1.1380430030962685,0.8721944921670828,0.9064787824769305,0.6084031934709961,0.9070476979472892,0.9649391585667665,1.2632135590696654,0.9575431132332997,0.7102735464963498,0.9126829231330953,1.1638900289380845,0.973415746170272,1.0776593955554503,0.3370059026413233,0.8155567858179267,1.2899147729443197,1.049419323142702,1.050487073730894,1.1226774072911492,0.9444292245875376,0.3787069688787009,0.8425931045113302,1.1449930761269,0.6721219247681974,1.2800648397490266,0.6976584559088372,0.44174050610088395,1.25097276162696,0.9356948857592797,0.6025754175590471,1.4037246419651959,0.4861548099177207,1.173958674925475,0.8372301589858346,0.5981779974902174,0.6398613192490984,0.3988309871618201,0.3895628759174537,0.9008531907559124,0.8627024385776778,0.8495923256002844,0.12555223146997052,1.1590183280076205,1.3149104598977555,1.1374091816003769,1.1981896369325182,0.2455035192433238,0.8091653487534072,0.38966963528039494,0.3283940146756784,1.0487586265794304,0.12991094020944255,0.9294103323554487,0.6115286181786355,1.0585429479605846,0.22771008903677264,0.26956698548474084,0.9195434640925253,0.8971668451085708,0.24257989553570009,0.8687659656349851,0.7804224577986213,1.1673896090028906,0.6491450350088527,0.6734267902025821,0.603288956696444,0.31416527263449845,1.0010836212124399,1.1123857464791111,1.1550412042414417,1.2470378488125418,0.6315638164725901,1.1175869344544977,1.140791122420612,0.9110532618939053,1.1659987749218448,0.29859407183004416,1.1565232057504655,0.3337497656311695,0.7034074364400404,0.9376180166926998,0.9253933513590713,0.9476646304228454,1.4261060259186105,1.1007451708582139,0.8977357995408258,0.3651609373035274,0.7829481370395269,0.49350528695811147,0.9603832634834126,0.9884312892135473,0.8652018786367359,1.245400405596052,0.42317844328210863,1.1511383549600367,1.1872814569298404,0.8474826121865545,0.7235865265099792,0.4704229492257371,0.3039565073291776,0.5327296566792907,0.761808921302496,0.6984833447106418,1.1566457837723052,0.7832324730995344,0.894829326981994,1.2168773784037845,1.2826558150525251,1.353512898114072,0.820974713443089,1.2964922497308293,0.500683673918617,0.7868344883872489,0.44726820206161944,1.2680904168603038,0.8958381841486773,0.6656105274219543,1.0113603367321438,1.3146500538837391,0.9597096518328047,0.5326767327015202,0.7110843673736741,1.2052969351152778,0.9560338699187378,0.3807734535473916,0.7000130226903462,0.9018761917230209,1.2476476998675594,0.6636249725697235,0.8680464425398637,0.06843375103547289,1.1446270521943216,0.6469482310423729,0.8573242293521925,1.3418886094559084,0.6738591431689848,1.243724740125594,1.0201204904299965,1.1001801763424723,0.7438242277551029,0.30557561339541184,1.0448887310836252,0.9775745892852881,0.17973674071781173,0.6013823495806195,0.6159940945363179,0.2669728248346837,1.0146448156146382
1.118200811545088,0.5048333493926168,0.9819565890421305,0.4142005439555097,0.5794037171307604,0.9066944227908924,1.0235380941322298,0.5122995864025507,0.7589597826394352,1.1061823686384014,1.4443365705749232,0.37056533299946226,1.046633190172641,0.19639899040340023,0.23742794982517013,0.5280914224824259,1.1920756218772461,1.086675100401103,0.5326019990211689,0.729224424471557,0.0,0.595122434857666,0.11442077794714033,0.7570283170595861,0.4705591529426139,1.1947568979308143,0.17011658730722815,0.591704854612705,0.6206276762113961,0.7497221162692349,1.177343514638282,0.37098958910694396,0.6465333211592942,0.656095154987966,1.4494083305324463,0.6426902035583093,0.6119630531766793,0.5310576150568633,0.5675109692655598,0.6647001152579937,0.7467138914807222,1.0824913844285013,0.8256187769059544,0.7846136796898864,0.6237604187332184,0.6996196337344053,0.676348267721407,0.6571387650666621,0.22604843645738706,0.7446843116200209,0.6452923858263472,0.9800061218660724,1.3566796485284216,0.4145674677255979,0.8569073208113849,0.1987569104663154,0.28502028791036166,0.5233420787156469,1.2028877656414219,0.9981164684286876,0.39935132060123724,0.3687193971657131,1.1216319782512505,1.2948833535701108,1.1104158451354607,0.7528654923872515,0.9433597054494486,1.0654181856091887,1.0328584942642662,0.8080302305655227,0.3229918226661664,0.6047323558292911,0.25390850424251693,0.36816610628185964,0.9661005914858493,1.0648172075307534,0.34809120445147146,0.6819688923118782,0.1170189011962893,0.9852400495784499,1.2088365651794613,1.1352555383492489,0.9820948795292233,1.1755116354180268,0.8554191407935764,0.9336140189395743,0.945279004970979,0.8893263516971804,0.6651318654301165,1.0031829378390107,0.4426988286760857,0.17956539852718564,0.6442723483736308,0.7929814260767648,0.8156629506681743,0.5574289719608695,1.5339495760326054,1.130740041220918,1.2197004733469452,0.4850397889111945,0.08197546131605375,0.9581292118711684,0.48015803623137404,0.49770234411131703,0.6309536931696418,0.22995059279853625,0.42796735903090527,0.5693912104116619,0.7836446477290995,0.7473415601412844,0.43471181579102786,1.1389478401749094,0.7293219403939094,0.5551665546848313,0.5810439180679956,0.6999592152222424,0.23570421310446732,0.3457518264915168,1.131239275256598,0.7573180253083116,0.2738052373870832,1.041441671309589,1.1112453410418681,1.323618363558926,0.261063277540558,0.7832167819159449,0.6729167264771775,1.0519484131563575,1.0753122142928273,0.996803899015552,0.6918963751469196,0.9244639444027918,0.7239164945851343,0.22853398268290662,0.8934723721426436,0.6018151218837582,0.7726128237933799,1.0499430021206315,0.7868853850825966,0.4156977415819442,0.48809808931811094,0.9407221334781509,1.0837064389276512,0.5391029256571938,1.1695823285890419,1.2002537721717481,0.8136107714946618,0.7380462542703236,1.4040582635701118,1.2831859317951726,0.543724255705278,0.3198291647553206,0.929946907262454,0.971939455292457,0.8884868475595354,0.04874839157319147,1.1122643133630996,0.9985567490788497,0.6057340794828016,1.3707977439135328,0.8221503640077729,1.4698779898038596,0.13375453405674764,1.3781789800339515,1.057526206825549,0.07795263904138465,0.9791402403096572,0.9555589389787651,0.7792831104544237,0.7613175369695275,0.4973017074674541,0.6728975333573318,1.0668555532644723,0.9267632429738776,0.40907219412844653,1.4792979094582546,1.0648433960657275,0.9350944385940937,0.29368723128814855,0.5463846081370823,0.656054905755978,1.1359609504905235,1.1503965685011968,0.661495372168183,0.7752967095534643,0.4338425696145602,0.4349856937680174,1.214178693631767,0.2041398037023065,0.9204256736214916,0.9649058530667791,1.3314550078031349,0.8091069912091334,0.6236794134548965,0.39062855107107913,0.7898323699001369,0.907978023357979,0.5961632299125822,0.14929766112908607,0.516249735701162,0.6138651435994475
0.5270142202663064,0.6901779806914221,1.1983377482725606,0.9853172721541166,0.06728234344189632,1.062927443998061,0.5772631307773411,0.8170222984700345,0.8982616069480975,0.5428090058184554,0.8514611794654587,0.9187288872685195,0.6329001096752509,0.7563248796203998,0.3586457471840182,1.1195939454081978,0.6699665147058604,0.7081527057152682,1.1276712330637362,0.6802081261555935,0.595122434857666,0.0,0.5149593469361718,0.8599241685964306,0.9185157499249192,0.6855063183659657,0.4298862317046723,0.9208663411425174,0.3121854840770303,0.19986634105037174,0.6811694794549723,0.89443785238267,0.9236931845127974,1.175102105286165,0.875032961878855,1.0254626453412514,0.8194813835099377,0.49304123121493315,0.9562797492211135,0.8997945196703108,0.4720141590117431,0.5879085564256585,0.991399229184687,0.507529883120074,0.6316908736553064,0.8963097884577006,0.6817276593706952,0.09836705318446591,0.4403715116836681,1.0715424184426259,0.3468254738580578,0.38694107918473997,0.7791879512672595,0.8198720721695034,0.27009426343718435,0.6239577931446135,0.3136645018028186,0.3019429147136105,0.6177061240349141,0.5842074807633605,0.4699757168358081,0.8889504081090285,0.5348737903909251,0.7006520156866028,0.5155389236902812,1.3141564542726325,1.0135380653453971,0.49425900352917146,0.6121220604394351,1.3458967159550181,0.8283346859744054,1.1987640440688854,0.8337524746324401,0.44426460165961007,0.3734202892790125,0.5192606631399656,0.25134490466282233,0.7302101881622269,0.47991585548114263,0.6161959489515783,0.6530960171605767,0.5461095498830205,0.4934796372240931,0.7333355754818176,1.0870354929485604,0.49576716805144444,0.35169519844045405,0.3788042894166027,0.09930948390038061,0.6808492217497117,0.3362663107800897,0.651136039335228,1.158605223249135,0.21439170322235224,0.8057599077332789,0.6386970381081687,0.9393728308854713,0.557938871088079,0.6420876608568318,0.5741927707987586,0.622328691681325,0.6219077308392488,0.7083462354204264,0.5151039001087785,0.6862194189911313,0.6210632691284597,0.879850359023727,1.1595277078674382,0.545217163421186,0.8865134366548408,1.0176941491467435,0.5585479132656727,0.487451307762329,1.0964265281513117,1.078318187141358,1.2905062293734424,0.7471236096991275,0.25398448985141925,0.70267664776889,0.4507503398627662,0.7394877846323408,0.48988101477741214,0.5514136668621729,0.7365356070452703,0.7567621493303678,0.4454340456594496,0.520826172875483,0.45824411824960337,0.5358423267620884,0.7846707096497408,1.2818782983198227,1.0068545085349958,1.1367473021515615,0.7963711959864902,0.3146846235052616,1.1590297607084696,0.9127169907620927,0.4896197282112053,0.23706314926368635,0.6666143959247417,0.18766880203089414,1.130960176715463,0.48864390744177894,0.3963125301090808,0.6058811843560539,0.6453995292543394,0.4171037352246394,0.501644162333925,0.8104367607234259,0.7652253658039972,0.08370205541663901,0.3706600601847529,0.6593056058649768,1.170506694339569,0.30209412849664435,0.5474226799267392,0.5527337080894515,0.42421652316533304,1.14352720028824,0.7760177310918192,0.6393690156228619,0.8793902199202602,0.7270763095973561,0.7914303570612412,0.6735234462586612,0.670251495246781,0.6029782819810934,1.5226064466760036,0.23250654005362614,1.1399756682397304,1.0886659592918335,0.8042101759653157,0.4717683570389773,1.1511734295425224,0.9201229767330417,0.891128023993564,0.46973271495929453,1.0471039129569,0.3134450235841347,1.1016395333236682,0.6978207075821995,0.665898658882584,0.5809844211902923,0.6309880550271976,1.3496263710164664,0.1614113534050509,1.000430771992695,0.7024971259084768,0.3924377929016045,1.4889952138058433,0.4008989805934865,0.740595251466491,0.2176018307656095,0.3802576751827223,0.976026359381894,1.3064121654963685,0.7937003810088148,0.9969825673475166,0.4629067319425256,0.4379737082967706,0.3835024551446609
1.0419201547139771,0.5686946040221701,1.0687716792342896,0.5251422059485737,0.5097029982072465,0.9827073076145565,0.9905520752288312,0.4533711292893666,0.8277882824089486,1.043719084291876,1.355517458130332,0.48471424562205634,0.9337274637371841,0.3107940051340334,0.17701172165102275,0.62785402686815,1.1432968726010726,0.9726471517949967,0.6217119732096785,0.7617773165539882,0.11442077794714033,0.5149593469361718,0.0,0.6685528304034664,0.4588730616849121,1.087015166086779,0.13659334749175017,0.6867777867900534,0.5091555559158709,0.6858060318002825,1.135311497691393,0.48516594822377174,0.7349619080649153,0.7704937260978241,1.3512545972188166,0.7466599334491772,0.686859062375739,0.4188887206924822,0.6707728732438679,0.5968314165222557,0.6323991368754645,1.0394864532833785,0.9011068266675967,0.7765016275242488,0.6605176854148637,0.7762813857006989,0.7162459757686636,0.5875184275821131,0.23435996175954746,0.8430713328522107,0.6227334610317449,0.8932477957267227,1.2598974689331786,0.3821504151300925,0.7674406776878836,0.14787240868845566,0.22515275854893954,0.41159360071782103,1.131007639593989,0.8855025925446639,0.28761876862041214,0.4827513690586778,1.0486187197492434,1.2083026517093483,1.0290660959250155,0.8636474899131541,1.0059736544342261,0.999732221468302,0.9203050006129256,0.9214245535493004,0.3328580242631669,0.6999627358095878,0.31919338396248653,0.38477722422587524,0.8883793310158682,0.9627673280155643,0.2636240216338605,0.5833286792146525,0.06460365411681647,0.9674311217231386,1.1074370820647177,1.0606331610015005,0.9386392329151767,1.0631564625383392,0.9421448914446772,0.8226960768449331,0.866562929968248,0.8385957579751678,0.5944588261766642,0.9952411779540119,0.4284170054224875,0.15482774201102306,0.7586925995641838,0.7017593461275232,0.85980558156406,0.4570968469160779,1.4528977249295507,1.033806409002227,1.1236426887462592,0.5258740657246996,0.1079925775072005,0.9460332328588542,0.5510463831717447,0.38762774591060994,0.6776882376111381,0.16783393338131858,0.5364446944363402,0.6702061573266066,0.7829083276342432,0.8157166875690676,0.541492883300734,1.0695278350315593,0.7245665751274155,0.6690284494265696,0.6950038732257777,0.7994981303645307,0.34690010644750047,0.2609766703309591,1.1043786506838882,0.7419301281253043,0.2575782488580105,0.9406383893561192,1.0113793307181786,1.2309534902455752,0.37084110040076623,0.6698080482318108,0.5594007419329575,0.9729799622312582,0.9722190850728757,1.0099676389139969,0.7920119657863574,0.9886552865664179,0.8324539821014786,0.28148246031552465,0.8006518489076723,0.7139417303984644,0.6906096960332154,0.9507255392769277,0.6898960809048666,0.4858808612848687,0.3874316259412643,1.0228481486536547,1.0015982369087886,0.4247010070702232,1.1074150190421304,1.098742078402702,0.7839233358374667,0.6236500913422226,1.324935737079568,1.2364563498286674,0.454471499446089,0.3095557930259013,0.9296629475721345,1.0559252933333756,0.8149716257602557,0.0934514845215534,1.0123281008268146,0.9311540903120764,0.7196454953592331,1.2852342255813167,0.7094140856985556,1.3788547335159616,0.22334998874226708,1.285129629519449,1.038594941613072,0.16926700514854948,0.9597089110836341,1.0644052225957594,0.6820120037426102,0.8665571155382839,0.5975066156123854,0.5855967840445035,0.9834192582199193,1.0138064790774874,0.5228894650261177,1.4056814265073563,0.9816629802598519,1.0045388678071956,0.20232888298825966,0.6590503101026536,0.555635047454231,1.0997278095388965,1.0859075421066884,0.693347753236492,0.8828899137205748,0.3550483447688131,0.5468867177778453,1.1065630523617225,0.13008420558772138,1.029023520296699,0.8673929114202721,1.2555282714828235,0.7322317952492614,0.6096656999663158,0.46169303432790043,0.9041749296248209,0.9364576677670999,0.7015870688414803,0.14578961593200535,0.5232654583396147,0.49987802109246154
1.2657410387092651,1.233645420077681,1.7364385921279413,1.0612935648228248,0.906940514695811,1.650535729504657,1.437129268716627,0.30507173351843075,1.4932419317344414,1.3503624466990243,1.435938032671187,1.0646994742375613,0.7446775455037288,0.9196865403093084,0.7610022514810316,1.0685237672215506,1.5064652494407598,0.7158932189116318,1.0047114570990476,1.3911843778125017,0.7570283170595861,0.8599241685964306,0.6685528304034664,0.0,0.5037677313246706,0.9845986763528742,0.7748106654619501,1.3487298709350655,0.5772874719363119,1.0547213304184435,1.5299207498469323,1.0889611420390621,1.4016595813024177,1.3375541559969408,1.3381231310096109,1.3946450995382134,1.354937849646654,0.36753258047826315,1.3208684719339894,0.18543236728269372,0.49947363116891835,1.440378056164089,1.5689197584696795,1.323417142901483,1.2997339227168228,1.4445326852450537,1.3573434561651894,0.9579649375037668,0.8805187548223365,1.5009528010267634,1.151334203582125,1.0719063269399316,1.2750777693077902,0.4442495597476132,0.9592463028242565,0.5631797039344485,0.7830750683274709,0.5582863875294976,1.3695090433458157,0.7223649101110748,0.4348391537025156,1.089494320304233,1.29259233355788,1.3283051237027794,1.2198212627080782,1.3567271204758382,1.666184315041523,1.2953721941945762,0.747976793277156,1.4474824519011504,0.5935886764954865,1.097819390603985,0.7477363736553256,1.018458254881178,1.1324663341945929,0.9744913852330368,0.7297573247309105,0.13136078721958164,0.7232181471944824,1.4686035234055077,1.0949256729263546,1.2922750612419935,1.35028984072863,0.8593473142389827,1.6097559645624233,0.7302116495446745,1.1090349835116382,1.2347263549670842,0.9576088017402434,1.523866447085913,1.0096196844002414,0.5945851443448769,1.3319167613490603,0.9014588249117749,1.5022683353940816,0.233817463138255,1.5869535351423532,1.0880600166139278,1.1692971991587788,1.1751375231066505,0.6855292058938283,1.466476940502024,1.2186619408951183,0.3536413436702362,1.3277271347304338,0.5299408900898002,1.1747853065633218,1.108670268387644,1.3473383059882607,1.4810029246230956,1.0439236423494465,1.3324386851905792,1.2849320301672722,1.2241788230192228,1.2905877280424258,1.2061614457247856,0.981917131152233,0.7278954654052671,1.5625853800847265,1.2734637504523392,0.5487989394902644,0.9734201702205324,1.0379497799038586,1.2927809274471196,1.009662124006577,0.5721467259627077,0.3783341659392231,1.19121312202191,0.9679838958408318,1.5919154412729302,1.2039047014772795,1.6502392833521562,1.465282250676638,0.7076659068510837,0.954443943118597,1.2379107041866872,0.06403136170715551,0.9993247140791715,0.8444144006075132,1.1536584495496944,0.6774937172091888,1.6913846126136662,1.1919934082283299,0.4644190212610516,1.4067320548698554,1.0865415949158328,1.2675073354598108,0.4552720103887904,1.4880036065035755,1.5997275686201329,0.7777933012250376,0.9214640090776852,1.483808508531869,1.7242886180328854,1.1017278036536593,0.7580712287224339,1.0378587064675626,1.2289521331035602,1.2716373556956784,1.4028395995209626,0.37912106376858007,1.4360960954497857,0.7724616681722688,1.3352326256061855,1.5299694428888588,0.7550453812499459,1.4564327910833537,1.5183725880025156,0.8370286387718066,1.5103342122240033,1.0475128302760206,0.08435258124317037,1.1675612466277363,1.6813568186682006,1.1302889167018582,1.5990031314093556,1.1680706458884913,1.6695390288588878,0.6926099331863997,1.1957407437389345,0.16259377178548268,1.5222778294910069,1.3752269413312668,1.3246438762175345,1.341482488521179,0.784975432171342,1.0886641993660104,1.0022835513165198,0.7220814969867231,1.4832964705936618,0.9568456572694173,1.4501576208902958,1.0203124264605679,1.1617454888877445,0.8245552262577155,1.4591266051961518,1.5525672430026844,1.3463645951620553,0.8017187111418432,1.1284408664358045,0.4987198759331872
1.430626537350827,0.9661008061879499,1.3958667734071863,0.6096478143629123,0.9326120616419967,1.3452214450080913,1.442098219636016,0.2068067298181343,1.2105305729433886,1.4613151338217765,1.6962191630108063,0.6397581254840485,1.1168957021089538,0.5443243426255842,0.6309566884185649,0.579144280291477,1.579328804068205,1.1196402244866248,0.5066180036261062,1.199768429097304,0.4705591529426139,0.9185157499249192,0.4588730616849121,0.5037677313246706,0.0,1.328144049500647,0.5948151249773754,0.9978979172466516,0.771832563375368,1.1100014258303708,1.5786864089282049,0.6796591288917887,1.0677236346925723,0.8811096679332496,1.6487979770494987,1.0098875185812355,1.0590838917681902,0.5555038877539886,0.9445338016039061,0.3300343932932071,0.8061918381039952,1.482756132558441,1.2666252099192339,1.2352939980301345,1.094280776510746,1.1417366043423538,1.1465083072540887,1.0065963452974949,0.6841797067145713,1.1304016345293473,1.0805876651066104,1.2571567740210006,1.5678278331826523,0.10386652002017373,1.128801935629841,0.31363860802270743,0.6761078343977367,0.6922599560566053,1.5280660350410642,1.0790361332109624,0.48140111021765125,0.6827224204534451,1.4450169182312136,1.5613813190536119,1.4044567715864258,0.8689113622443905,1.3993766420405092,1.4124574145037785,1.111792614874416,0.9674502646232463,0.15660866059462925,0.5985655823424368,0.31075535159760864,0.8332081218078411,1.2783357594447737,1.254600933470681,0.6850656101753352,0.517099013582705,0.521491749205984,1.4253851708606073,1.3955643467218755,1.4529271851220014,1.3825001814987579,1.2470737661762092,1.2730479053331034,1.0489497975097952,1.2548256761623795,1.2763794657697352,1.0114308059010968,1.4541013990067733,0.8872039316518481,0.3055906868425333,0.8793943774567415,1.0612555695445631,1.2844872743747433,0.45248093379225474,1.8186467877711907,1.3501712572023312,1.4403543099396776,0.9554732541415026,0.3910797833054821,1.4048121261611834,0.9359143172390475,0.5079928070019613,1.0997293339474103,0.30486270266705745,0.7925009374500626,0.6165758840575499,1.2406631995551918,1.1996506494810208,0.577918355082601,1.4733367354224007,1.1829587046252357,0.7680978359692942,0.8557843259231207,0.7054583096947437,0.6213309906428361,0.6822950235167208,1.5588080636168116,1.2006032175454644,0.20216958208051755,1.241284724996739,1.3133925560423774,1.5593813147220283,0.6491957389966977,0.8719632104972491,0.6809150767927655,1.3568156015659356,1.2567858962932867,1.4629689374543453,0.7038834851302698,1.3790130826507963,1.0551940896810066,0.2902548382136777,1.1477448876673244,0.7660150221876921,0.47947195132183035,1.2596253895925422,1.0276065365859508,0.87416686838099,0.7458948839874775,1.3667865903192107,1.375686488117355,0.6381099984477534,1.524385144258027,1.3865899867839975,1.238551072626768,0.7737878936652819,1.6990874354549228,1.6740239074931087,0.8415714477265015,0.7672085848448379,1.387544795630094,1.393101210758665,1.217289223638668,0.5032860670010827,1.3138954796210023,1.3422754877404834,0.8107905380888591,1.6397821932420529,0.7795129231669474,1.709984144731305,0.40010385376420865,1.6101310778519873,1.496154429811476,0.4190405374483453,1.4172991271497883,1.0190242963784668,1.0191377274037325,1.112728334164931,0.56211801685051,0.43595953548259986,1.3541723860428896,1.3415315840919246,0.7192701481157028,1.793296857724769,1.3532560554861943,1.3831324304817707,0.6225409503930215,0.732238538438939,0.5131129285130239,1.548340623905777,1.4990976217526883,1.1319727006821916,0.8458798451433739,0.7748930806520536,0.6370256710863262,1.3477634495582929,0.5816371603697049,0.984437381368531,1.189940012132769,1.639982837242235,1.1304897750876455,1.0685286148077786,0.3372884825452336,0.9908655504655961,1.378364673769271,0.9594420398979537,0.596254071455901,0.9776210094467683,0.7171821704083015
0.5496714254912132,1.3751482816106722,1.8738057279184022,1.6086056895673742,0.7439834954142135,1.7319271572048929,0.9746800686708877,1.1458561182493887,1.57131324965089,0.7096699642456294,0.49836251331967635,1.5566454682299282,0.2435198099393833,1.3835935791571468,0.9884213725602934,1.7126963882243398,0.8849338297241616,0.30234830137375746,1.6956471034101173,1.327786517554032,1.1947568979308143,0.6855063183659657,1.087015166086779,0.9845986763528742,1.328144049500647,0.0,1.0587106609042374,1.605707288933566,0.5835217469000641,0.7052819164108078,0.9480226144807263,1.5430547437155113,1.609005755352242,1.8311351946469092,0.3586893797072061,1.7081320019138815,1.5030753703238149,0.7731140519327939,1.6373112210170648,1.131869428246581,0.5233046308061192,0.9022883204272242,1.6649140244938265,1.0920745703150387,1.2996885828227527,1.5771168923794987,1.343831300659631,0.7039889273157848,1.1028577260166876,1.757042457312553,0.9780471550594377,0.4284946340042707,0.31526913466232875,1.2265816983288564,0.45572212199854256,1.1293715759911482,0.9563721902460605,0.6798617821371781,0.6246609745561746,0.2624650012901888,0.8685666690950974,1.538647609732168,0.5907312901230909,0.4520753565170907,0.4832688418002934,1.9469077798909724,1.664364115199602,0.6663218239189509,0.23719312971360404,1.9946635730214937,1.308852609733524,1.7800903816084577,1.381793066730512,1.1290496834616897,0.533777897528796,0.18557286649564594,0.8675754286588456,0.8796541423014624,1.0814037318435685,1.08909806300812,0.15968258109667874,0.5732921503400153,0.8698878443346499,0.17393599349579258,1.7670504430717988,0.2794797350220634,0.5270136214735002,0.7932244514844339,0.6940071541553686,1.176395006322778,1.0209074026886138,1.1688024662447114,1.816282891307397,0.48300866300090345,1.4502026920395954,0.8876981357659093,0.6699481158368649,0.24722820803716777,0.2680468117316801,1.2575881962173046,1.187526643639691,1.123913064556972,1.393850560939227,0.8209262642429377,1.3580913866202233,1.1087111133637817,1.5488159280979459,1.7555447891342302,1.1407674957135114,1.5600950212976403,1.6283085454758248,0.6376067544903451,1.0981849564430919,1.7409057117515878,1.7406639669897244,1.8832752262006747,1.3937397938630456,0.8691209726536151,1.072992705279961,1.0368876411733394,1.2184923719531071,0.21822526642459195,0.1994024811036214,0.3670995949267772,1.408863585612816,0.45619034937396336,0.6530909430974099,0.5119167766080822,0.16323666832084266,1.3376759261103017,1.8763270018872715,1.6615064207557246,1.8177042360663014,1.3365129203826451,0.4026171059627117,1.7942325747059393,1.0481399120921582,0.23612205294187735,0.4484433071904322,1.3511366960501658,0.7115878196348866,1.8038970080669623,0.4721528234987119,0.7011274384493426,0.7305504764917305,0.15597043315634707,0.9490130092621265,0.5595154075648943,0.6152532121622406,0.9480753470197115,0.6888907018101209,1.0487488827602534,1.2023128214333492,1.8437427918253078,0.5910931026725217,1.1547298170962028,0.19782329366553264,0.6416692565402424,1.7904252219300534,0.5038698922024016,0.605488610529255,0.48237315384973456,1.308806278172736,0.39073922811711564,1.1100033127224096,1.2561647278700108,1.0735282547616265,2.1503103805692345,0.45315318995494436,1.8240721968785267,1.682790914639279,0.9874573028699727,0.4551142851492731,1.8289090460252648,1.5741273370847162,0.7345160208104019,0.4585372350383897,1.707065395191754,0.9080974741463635,1.7377735429495842,0.8642461740613372,0.9873717263239168,0.6982418669148991,1.290315439649957,1.9695852983247881,0.808941600690639,1.6284305457978123,0.019844197477946465,1.0015281439151833,2.115141503253777,0.3084351466427333,0.6218292277884788,0.5866498213319511,1.023965674970984,1.517718084559151,1.9650037467110413,1.3992532418883974,1.6773750567852486,1.098061190290955,1.1140092873007466,0.6184000229552502
0.9496366022216071,0.46132269098010686,0.9792716478077101,0.5593585965398242,0.4103018525996925,0.8807875840661357,0.8623430886841957,0.5837122560744273,0.7202597228455654,0.9361169864067267,1.2811892217633463,0.49966636656840646,0.9324555256815665,0.33021953993077774,0.07248354200221459,0.6897143642226806,1.0244819514555081,0.9825164006213176,0.7005411699331286,0.6312428242583845,0.17011658730722815,0.4298862317046723,0.13659334749175017,0.7748106654619501,0.5948151249773754,1.0587106609042374,0.0,0.6160239159141915,0.5054891098155816,0.5796253802525946,1.0121057620149283,0.4843622862699733,0.652267853624709,0.7727930000796093,1.2949898966234847,0.693254411479004,0.5878156704961817,0.4790439660036873,0.6174259323728467,0.7212828243330723,0.6527284095920292,0.9167654254957811,0.7994472222469479,0.6405437287472028,0.5326114046681873,0.6775823713269252,0.5893553719794747,0.48777756643411585,0.10610271312441845,0.7754179321048196,0.48958448023968126,0.8165467555672972,1.2008642869498667,0.518585322882983,0.6959897500315847,0.28439475236440154,0.11655582691707429,0.41322223792357066,1.0332960295629958,0.8825290286207746,0.3578723497458142,0.48002745599695945,0.9522904402154666,1.1305340991831898,0.9436764340241919,0.893756198845781,0.8913812718230827,0.8953165015524351,0.9165600783317948,0.9362708976717687,0.46355050117327457,0.7693368605490057,0.42173584435008044,0.25257759631372534,0.7982112550153067,0.9175124322514095,0.1927448966223323,0.6766041284393174,0.0734265055588239,0.8336391402334803,1.0597471915918997,0.9662464752409293,0.8160664940987584,1.0568905197969165,0.853794998261689,0.8102140994125568,0.7777924148836655,0.720878717255603,0.4959673176672111,0.8594739611941747,0.2925195542505601,0.2895618145443437,0.7583280181379554,0.6340065512021682,0.7340201394850328,0.5504903565454954,1.3665833978950637,0.975852843989875,1.063475450506697,0.4021471605154551,0.22016773469581885,0.8109117317744248,0.4512431075589648,0.4588797893416614,0.5550419879209327,0.3026518946288294,0.5023521637218956,0.7296793977159425,0.6463600406388671,0.7079104561856866,0.5887815716261506,0.9690660104557982,0.588207353904561,0.6828324882873069,0.6849632304045113,0.8606604381593422,0.3351402843029956,0.19089860365717284,0.9737053943351666,0.6071846437162576,0.3929438668168812,0.8922616419457771,0.9602893073640878,1.1637197945839355,0.3514139321433249,0.6763356415612822,0.6050994245164435,0.8843503152542896,0.929767349323964,0.873901809402211,0.8520792184108602,0.8754720114652214,0.7907370098767498,0.39182375919908446,0.7353339453742243,0.7393650334386246,0.8034113478982298,0.8983835544214307,0.6342821678588464,0.38788739544306483,0.34739307075098996,0.9276217188454707,0.9173608239437826,0.45507540948832276,0.9995437317824656,1.0513794883064922,0.6538587080870892,0.6532525992552696,1.236096482141319,1.116312012371428,0.38593771374091385,0.17296407508578837,0.793146196595751,0.962754151945418,0.7195097528430845,0.12136879517318136,0.9614046773345102,0.8285519253121499,0.7320311540835144,1.2057353822320958,0.7580056439496671,1.3083141792219148,0.3038536153760057,1.2185032348254874,0.9051981045861699,0.24788261032273973,0.826353464545422,1.1005476047111278,0.6271249256483676,0.8143000354704002,0.6587859149196004,0.6943922416212619,0.9011991538636405,0.9251348132829029,0.5161158905108055,1.3098731437220472,0.8990605267726556,0.8958502346841178,0.15336904953074437,0.6822807560096674,0.646297436586584,0.9732596661960659,0.9802812627172398,0.5629894592867466,0.9242152406434329,0.270160948147543,0.5763971495729824,1.0776888966762412,0.06530751927242848,1.0662090389941115,0.8115700814320057,1.1626078967548081,0.6412907634692252,0.47433811022779726,0.5603261212317465,0.9069160886891482,0.8037508142605834,0.6530234012149001,0.04040682936609454,0.38727838170293316,0.5173458185479631
1.3295333136017091,0.2479353405072416,0.3983219601093686,0.47442478979629593,0.8661421227474206,0.3635820402835887,1.0222791099216961,1.0925524001467897,0.28305755705901686,1.243789589035858,1.7016850911733001,0.3974427372921342,1.5206346835050397,0.454208699566256,0.6667773532275114,0.6364786959667122,1.2448957579636586,1.5803615777511197,0.7191636602068349,0.47978788401838407,0.591704854612705,0.9208663411425174,0.6867777867900534,1.3487298709350655,0.9978979172466516,1.605707288933566,0.6160239159141915,0.0,1.1051518145497619,0.9622969026010988,1.1966861154992843,0.3426974562797842,0.08263478262855023,0.41078350108566347,1.7703940010974175,0.11943454551639607,0.17152160228877505,1.0925537472203797,0.09290285077556376,1.24864832944048,1.2625293154459394,1.1218405584117528,0.2956412311945524,0.7226752049352695,0.41079695888351464,0.19540529822033834,0.4133335200189846,0.9201462133052678,0.5310585582147515,0.15951344163989803,0.70755940902112,1.2673109137362149,1.673281766318201,0.9752222330340371,1.1759041194783941,0.7878609169650728,0.6797024535710271,1.0199786230636776,1.379728413804806,1.4701369829000919,0.9661610801847227,0.3369021117021308,1.314388230279557,1.54907278147165,1.3513158996755676,0.6101601270726963,0.460125916261829,1.2260625836183106,1.5024764036206646,0.5715363741624997,0.8424886418674762,0.7145886796792982,0.6908068119533124,0.47669780098887227,1.2056029354669444,1.4390612817000683,0.7719654965786589,1.2698877231067327,0.6426914425778675,0.914845986154752,1.5680468947095638,1.3352810044399075,1.0422331704292707,1.6365191012250015,0.27534049357705026,1.389400643941763,1.1932072953481871,1.0054181319839763,0.9305876912060426,0.8782784472708116,0.5901921299174397,0.7612670815784034,0.3911648191102872,1.1310363383263833,0.4658195737484827,1.1438362120732868,1.7360263796171667,1.464631108113543,1.5407363504696914,0.369097678885253,0.6655106803838479,0.8649807258359491,0.217080695268109,1.06799205660432,0.35718743209035064,0.820310379133008,0.21507498298004454,0.6463095154228131,0.6853868156002192,0.2781954759965379,0.5337950955385528,1.3097680188608565,0.6722242484814037,0.42168335337785945,0.31504805775148714,0.7329818703455641,0.37928283850771904,0.7714754326736365,1.078860593131785,0.7407272053738002,0.8348650706201202,1.4088522780484045,1.4665456821719678,1.6144578454653546,0.350838314754604,1.277586597554786,1.22112252991437,1.2864675714821665,1.45629566092112,0.7638735701280619,0.7221258457578298,0.4362103762643205,0.23377906350202265,0.7076721511568728,1.2263131056825252,0.49795360467335875,1.3633303446453047,1.4058776293154363,1.1576198030210094,0.2546479915975456,0.9281581015817026,0.3712498519532092,1.3320110601666955,1.070293985562408,1.2970198550656327,1.5608571956797337,0.8471134353596081,1.2665890562456252,1.6038560900661176,1.3132715852934982,0.9215173985330006,0.5612972123558232,0.783458088832578,0.395552032414519,1.1185199618161905,0.5940170397785732,1.4679709602955822,1.1784616146632008,0.43588093121083477,1.6126492970927315,1.3740283192790328,1.7400933045887295,0.6035259158689332,1.6678260287650273,0.9776692134364482,0.6030707824646929,0.9183785971623135,0.7918427179589254,1.1526587634739753,0.22036950546694942,0.6192336546870435,1.2645997330902885,1.3247096310846629,0.343731450147213,0.31418385708391067,1.640299994508821,1.321472847581701,0.4191327606250962,0.7585208415627489,0.46315251620876685,1.2424086131320968,1.1313812495824176,1.2928900640437384,0.4514730924907594,0.6825285133792504,0.8059356300997488,0.4588641053641166,1.622987823936833,0.6809804428479392,0.7692543831778695,1.317777762555482,1.5184767012718339,1.07073924599339,0.6581420455536222,0.7352216285168508,0.4980017362239353,0.616093680938514,0.12273578799402114,0.57845355205232,0.5247116172383898,1.1282211568400378
0.6980800294788416,0.9067897611842557,1.433927536975258,1.0341602085534438,0.3733929499555221,1.312117160999902,0.8754755783893249,0.61656157587679,1.1451284066541212,0.7734658467714451,0.9261660940751256,0.9893278345015719,0.42805364512459687,0.8146395605905852,0.44295019605976654,1.1306041387996781,0.9297184413464673,0.4776109009961521,1.1121265507561024,0.9615046111254018,0.6206276762113961,0.3121854840770303,0.5091555559158709,0.5772874719363119,0.771832563375368,0.5835217469000641,0.5054891098155816,1.1051518145497619,0.0,0.490009359976057,0.9556885064357035,0.9825027115691362,1.127641719180096,1.2713076359112756,0.8800699835138495,1.192653875297305,1.0405242738985616,0.23560164561685082,1.1177444255418116,0.656575227083595,0.16926406684898865,0.8683364744303034,1.2350273990626803,0.8168111954366245,0.8954554443252664,1.125803754990127,0.9503886034264267,0.40337364743821,0.5750636971834229,1.2638018374276445,0.6505692954400369,0.5085351361256623,0.7967786210032534,0.6680148258424339,0.3876537784178442,0.5465005124218728,0.4254617716778596,0.09761433029398069,0.8012061457526208,0.37868352193755,0.29340792646303804,0.9789565774500543,0.7216899891672963,0.7964848516904398,0.6588649323137593,1.372762653304239,1.283437418189138,0.7186710174405231,0.4131841348876693,1.4279725066403839,0.7320524971277175,1.1968329973840912,0.7982830998758682,0.6513705640521502,0.5581345937018676,0.484540405772501,0.33330668002218644,0.4460800853754711,0.5127530719619132,0.9260827961781195,0.6276856083230499,0.7236556948485308,0.7824036714152537,0.5552890739675637,1.3140903865063969,0.3136534549007668,0.5343992537811321,0.6672508245947433,0.4004310587517358,0.9927093037687477,0.5804959594274253,0.585552106471345,1.258003114930202,0.32625347502949154,1.0854448351694608,0.3838518902629312,1.0564964020265508,0.5784285180208717,0.6685253022308555,0.8069544609098905,0.6060898143133538,0.9336969598716007,0.9123511867927423,0.27623136369911916,0.9421603514801902,0.5271604721759555,1.0078164766257505,1.17363778091384,0.8518181906717933,1.1327915786922902,1.0498940658665437,0.7593269528775894,0.7920211255042181,1.1744125958060443,1.1878402836746311,1.3006040598786421,0.835542105301273,0.33372454249726496,1.0007030175281708,0.760872017702254,0.6402822614697535,0.4697858164994267,0.5420746356617006,0.7879991415051311,0.8543628605196077,0.17249633039354761,0.21268177295961183,0.622695028451743,0.48859501354745216,1.0941967750853392,1.2938360912198796,1.273566531760413,1.2939802837043224,0.7530794993057888,0.39206714528508213,1.2224168723754911,0.6359571995131228,0.48779340364690127,0.274422766667267,0.8572709203134594,0.1833485550167388,1.3725358324085357,0.6301787076302671,0.13651078937519043,0.8306367928327083,0.6187152313090404,0.7285153335604583,0.19191017960331602,0.9438578320804257,1.0226483782300486,0.24411501903703758,0.5527082548600563,0.9707637004337156,1.4107954910622675,0.524443081703398,0.5847565488143045,0.5426313619702683,0.6517944287942422,1.2247429090504174,0.8744923571942951,0.3284767674930726,0.9384840107117602,0.7280856279313147,0.8383892832650814,0.9806473125961768,0.6770115765028657,0.9124468542817987,1.573215118157776,0.2663930530582338,1.313059969729971,1.1009570859271576,0.5364526178037378,0.6065917337568212,1.3827704519740076,1.0169557663597932,1.0471633772654123,0.6064869195480994,1.3077468633304856,0.3528011498559739,1.1669880905024885,0.41627753716918353,0.9526218519263512,0.7996654429922142,0.9044434035420932,1.3911893035961718,0.31950641730475987,1.0554948698877158,0.6033053572677107,0.4422321899109221,1.5377397424293255,0.4203864649881007,0.8946528792967374,0.4436750087358082,0.6770326239487061,0.9347586782617614,1.4056671033089536,1.0922425868483112,1.1549146437332698,0.5458877463290815,0.7001269758128615,0.07870457634942458
0.3822467976662712,0.7165337643310755,1.181212089275408,1.1108133817544057,0.17799102121119423,1.0345498202771364,0.3855040753673834,1.015883140436472,0.8790438120883277,0.3579648401244676,0.7439115249483225,1.0356419820465834,0.7207647131472499,0.8870046513835538,0.51480608007366,1.2587996588631267,0.4716020154470313,0.8057573962684328,1.2778028214308346,0.6245133208951765,0.7497221162692349,0.19986634105037174,0.6858060318002825,1.0547213304184435,1.1100014258303708,0.7052819164108078,0.5796253802525946,0.9622969026010988,0.490009359976057,0.0,0.4813116603263001,1.0029037433034762,0.9478082964249847,1.2689451431815415,0.8101018171426906,1.076115125404506,0.8326003628643857,0.6895692046510432,1.0141756777529314,1.099501528950822,0.633146099599766,0.38833052260667433,0.9720405007151203,0.3910938975726779,0.6073552654101202,0.8966194306225552,0.6462546496132903,0.10407773104435064,0.5586823013067171,1.0999748319726705,0.2771304978413286,0.3096578481005934,0.713250503409945,1.0133335416100933,0.25023312858087043,0.8077477222841877,0.46600662551337274,0.4968794330280284,0.4566595102290126,0.6775146912333245,0.6696416844980578,0.9965708253085713,0.37813531111478155,0.5902575042104004,0.39268405035190346,1.4258097350827064,0.960075384961228,0.31569820196589504,0.6985802506812907,1.4438464767086978,1.0107954640071761,1.341798645920756,0.9988149839938428,0.5082584232508089,0.24442755227285595,0.5212034163106557,0.4282252689219887,0.9240948319118161,0.6409604121047311,0.4454251782178324,0.6280318954303263,0.3947312519562837,0.29561518016110166,0.7958478584966083,1.0822151562044071,0.58812169002229,0.2309632536965661,0.18015003822020315,0.10090111728909822,0.5208992965965884,0.3838690607722769,0.8311655619930683,1.2510017057370668,0.2420955525119005,0.7456071626323802,0.836892877891466,0.8019297681025822,0.51627778960568,0.5842285425147155,0.5944748285125129,0.7898134115985423,0.4623805444889746,0.7453288402538404,0.7137092794297849,0.6682025863361422,0.8083740294835678,0.964855289814349,1.2964164544958028,0.43815812720869546,0.8685421193200303,1.1500997711196788,0.3905691720139117,0.3930725221537203,1.203082667095248,1.1670163656396186,1.4264630797110427,0.8629597289595757,0.4310107874423655,0.5108483042299057,0.3342893405534059,0.9246292340202575,0.48849680440156845,0.5308576168913824,0.6521848641119479,0.8669407908981763,0.5909190184088,0.7026639862606647,0.32826002675153415,0.542613339223104,0.6542027662927085,1.4171588493018932,0.9580577108691909,1.1910293654362025,0.9651366611730453,0.3029322175240881,1.2718354587057457,1.1089931073119634,0.4762482807506171,0.3029188484317048,0.7188050742978147,0.3874550302659785,1.1092046227300212,0.37136763196165345,0.5903223941245671,0.42164815403166583,0.6221321957356258,0.2617089560082175,0.6688328861195068,0.6690221628187343,0.5668312167423292,0.2834401414844027,0.4693228823538978,0.5204503592100185,1.1490386012163447,0.1572749661163286,0.7009759522356191,0.5324509162310241,0.24941106438566688,1.2469802701099977,0.6582197858301475,0.80571396331472,0.7799856895828998,0.8834728426727039,0.7055420248134893,0.49413858646071684,0.8273427672012592,0.43082982575876927,1.6346665424789195,0.30418587393202295,1.181956678975864,1.2280771525749856,1.0016506395494968,0.3627179310146117,1.1396161983495472,1.022464402491626,0.7334437185118954,0.35955980831120266,1.0050771074591909,0.491954739123737,1.2150120615685371,0.8921783557116082,0.4678471937023046,0.4009859422407115,0.592075739812031,1.4694082581752816,0.33630905878784656,1.122319361577046,0.7187173996809658,0.556924970582998,1.6025837864175385,0.3968751357683588,0.5903714188058516,0.1193184960715233,0.32581039396053973,1.1391294319706604,1.3950510666508844,0.697380291111597,1.055800686277836,0.6053628407870255,0.43975564232600045,0.566542169461482
0.400285020891853,0.9608605138952199,1.2698400085932844,1.4787217620378612,0.651379474779628,1.115297918450778,0.17462852404157855,1.495531384442601,1.004504044276491,0.2383609162446286,0.6893031079930385,1.3936580659845956,1.0677647119729905,1.2748440346643817,0.9583961335020441,1.6433807135390939,0.07549894265288737,1.1575159055560367,1.6798493040947404,0.7323529909466678,1.177343514638282,0.6811694794549723,1.135311497691393,1.5299207498469323,1.5786864089282049,0.9480226144807263,1.0121057620149283,1.1966861154992843,0.9556885064357035,0.4813116603263001,0.0,1.3493898524845718,1.151131697138794,1.574483920995678,0.8538179359792694,1.3158687538345835,1.0318016010452453,1.1679655526255164,1.2732616429986963,1.5807074320151513,1.0774691885808279,0.09598581588716704,1.0820852383793764,0.47443211617283554,0.785943400683107,1.060044983990913,0.7907153052985629,0.5842079791583232,0.9593919955510476,1.2942780741264486,0.5449849298667319,0.5453055601390717,0.779098244291474,1.4853601011028221,0.6067224344858313,1.269249500050426,0.9101939169699208,0.9749981231145526,0.3507897163623648,1.0373984820068318,1.1506240478139065,1.3421215297730518,0.35939585602301904,0.5819903589849129,0.46589983901143067,1.7565533186348385,0.9927299133707495,0.2848137661153414,1.0463852698492435,1.748634967978896,1.4675397770528045,1.7303093928216575,1.4312413046167842,0.8534032205182006,0.44502232658046503,0.7808792062602369,0.8939136212210272,1.3986680516708567,1.0816210982229457,0.29467380922672787,0.8072130621593163,0.379318461985607,0.19671776459851628,1.0950024635973408,1.2093161044836531,0.9590534551249515,0.4627200690995254,0.30433546824288504,0.5820132635986266,0.3640921086709258,0.7444486176131078,1.2876010014061312,1.55490188939481,0.6473525983425761,0.8070387946186365,1.316616961633995,0.6334610691868994,0.7014896434651829,0.7102406721360102,0.8557300355789247,1.2317270550610222,0.3488986403273044,1.002668094299808,1.1939967590605953,0.8417434530992235,1.274149325357498,1.275783229590344,1.6759098840884163,0.511880724401639,0.9985418286299309,1.5274825905846872,0.31486697106916,0.5274930547347484,1.5347967283039998,1.4692713179750252,1.800458066205199,1.2307634703429786,0.8966700997262207,0.1627342907592879,0.464955021386617,1.3861479345723007,0.7538468327783866,0.7494567072403298,0.691166397707994,1.2260178678317761,1.0216613000435397,1.166176584192684,0.4387296009810653,0.8034093724232494,0.5459636334784247,1.7902375481066073,1.0024072424749226,1.427890633281016,1.4036542795308649,0.6365744431177628,1.6109503805322354,1.5859576088775746,0.7270151876694071,0.7125648130715044,1.0058086319361519,0.8687585339396434,1.1954509820346941,0.47589682434073083,1.0670039620011365,0.2277195623529087,0.8065092689449703,0.3744059520027833,1.117926322983592,0.5264234556488668,0.11670874001242583,0.7647453954312238,0.8625140852403164,0.44702227557417884,1.2312936900571987,0.4403419041429508,1.1298925122478658,0.7509765390020223,0.3288682742810038,1.570844595896792,0.6002808099975978,1.2490272098286657,0.7393139572620698,1.3075393336778098,0.7232706443731237,0.2548670364779644,1.2545940530353572,0.2866889838045902,1.9591224975185642,0.717967009188492,1.395579770229972,1.6140088203558485,1.4802741417452772,0.4938368441149843,1.2453028551635756,1.3576607761770796,0.5041518065690384,0.4905881379432343,1.058202000360489,0.9561498612911395,1.5577263270686987,1.3674529142587442,0.07241067580407903,0.2553954458224657,0.7466898170962918,1.8133468379995406,0.8058592387352816,1.4837949642819865,0.9525408932559997,1.0056156685495048,1.9308874604975632,0.6940575009534242,0.4466696307417625,0.5134202678453571,0.5813669568468308,1.5651753247982478,1.6845965712729618,0.679340819405415,1.3126274135369231,1.0280475954835528,0.7214468324814228,1.0341859730183445
1.3851138599822574,0.4342938988365773,0.7291130167248108,0.14457905776994512,0.8586673403745239,0.7061395767773023,1.1785747668082847,0.8057197251393652,0.6064888300852405,1.3371414426936876,1.7381727189590008,0.056914028286138084,1.4104810755346804,0.17672417902722756,0.5549034532861348,0.3187388691604024,1.3823361645492562,1.4544226231360617,0.3886134815331726,0.7178458828544152,0.37098958910694396,0.89443785238267,0.48516594822377174,1.0889611420390621,0.6796591288917887,1.5430547437155113,0.4843622862699733,0.3426974562797842,0.9825027115691362,1.0029037433034762,1.3493898524845718,0.0,0.4228087161557284,0.28901991187575343,1.7690961674169532,0.33157967556629153,0.46133898572584525,0.9009241736555291,0.27181463690560104,0.9626263524089601,1.1160824509156253,1.261897864941093,0.6358292786452567,0.890779003427488,0.6187380322642241,0.522808369706781,0.6493963093531916,0.9298977658087201,0.45427054829571983,0.4550041956371446,0.8090377369182802,1.2775219666928592,1.6735243356037448,0.6754943067507826,1.1645316668995962,0.5334965522614143,0.5900938654035476,0.8866392726437176,1.4556964483510086,1.3611841521332415,0.7691983646142695,0.007599199426433226,1.3798950060449529,1.5849658085334162,1.3907147528619512,0.42300727672322935,0.7937967035271561,1.306478005636036,1.395644665157504,0.452980146683223,0.5302799016544603,0.40485785862357787,0.3691100988615945,0.5046425053217873,1.2416461895752808,1.3990839784159999,0.6759875874874484,1.032610643961468,0.4700661941719462,1.0998783610730751,1.539785096047321,1.397321699779943,1.16841259208983,1.5373097471094528,0.6125552071187804,1.2921041703463865,1.2240414591230466,1.1006626236676023,0.939598875725595,1.0874252491048968,0.6264384284467076,0.4974488844046116,0.2755072087319007,1.1066691614143274,0.7505987454735552,0.9128164163216695,1.80480434064523,1.4508972780352092,1.5362892465882487,0.5057214851604206,0.41808614529257876,1.0583306215018904,0.38970123841822346,0.8656805569004051,0.5893599033044697,0.5670969248679797,0.12815285653299696,0.3410094488916326,0.8686153744904486,0.5985724580663507,0.2038499540190164,1.3871828426519748,0.8331230608012171,0.20205366372780564,0.210336003854178,0.45580884780191017,0.14941998352635685,0.6743308290953555,1.26240850098347,0.8871489040353101,0.5450217943345003,1.37281621611729,1.4392846911402284,1.629667071304048,0.13773986164233482,1.1492870620178441,1.043715922839415,1.3277911650640772,1.412154220720474,1.0163720331382242,0.44519063401988185,0.7705327982568686,0.3797685643182633,0.39634486570088984,1.208012498264313,0.2690256271234497,1.092265921937171,1.3771634218174849,1.1138269118634212,0.3586175176418204,0.8317069851786746,0.711123599679391,1.3666731200554911,0.9091849916738378,1.397375727602203,1.5315915779786826,0.976022753268348,1.1086528046189974,1.6717952014859823,1.4640849367738482,0.8639795060025267,0.5348617919374464,0.997512820550422,0.732023376089956,1.156797238158984,0.3995407776979002,1.4404727281989207,1.2467886361478586,0.24936162582786117,1.6568083185029578,1.1922232914165876,1.7694895573849816,0.31660198309373966,1.6845446213039195,1.1702228966046442,0.34162837652489125,1.0989218452128817,0.6319852412259408,1.1070533383938805,0.4335798602402848,0.2951844801126329,1.005205711853959,1.3536720930740824,0.6766563814062848,0.041363413432906664,1.7302636424632045,1.3510611182771743,0.7590822727773797,0.6361435354867591,0.2125759552718689,1.009857792716078,1.2936729506474487,1.3851133348502835,0.6648852780361333,0.4688310439160878,0.7439604099081175,0.139891240404834,1.5620089692015264,0.543166031202904,0.5996928986795509,1.2892590028441913,1.5919276104580762,1.0891177385413973,0.7687942858340306,0.39377880233187484,0.42338619762365226,0.8860780374958278,0.2812352541573233,0.4450455747747593,0.6279463390017919,0.9821376372655672
1.3064970665296816,0.23432987196678282,0.33544421305949346,0.5564847262123832,0.8655875019258676,0.28389509342402086,0.9776428586616769,1.153727854382113,0.20332042332953024,1.2123544369022705,1.6805080328531572,0.4782154922930008,1.5359986184593053,0.5234574371770148,0.6967345875047646,0.7191096188897917,1.202651642730093,1.5991224105465904,0.8015536225372016,0.42373180400897886,0.6465333211592942,0.9236931845127974,0.7349619080649153,1.4016595813024177,1.0677236346925723,1.609005755352242,0.652267853624709,0.08263478262855023,1.127641719180096,0.9478082964249847,1.151131697138794,0.4228087161557284,0.0,0.4852054330501957,1.7578870595629705,0.17698508666648774,0.1206327383264886,1.131259820778897,0.1731001247495286,1.3087658508232416,1.2887952610516304,1.0801367896691494,0.21355501080877157,0.680066728765549,0.3685047862059034,0.11621810417313878,0.36097891604126164,0.9141485894894874,0.5598178335584794,0.15232922195502552,0.6835616213568152,1.2559489908227268,1.6609775958262618,1.040343285199837,1.1708692892664125,0.8447137326316666,0.7042138212972476,1.0462028639345624,1.3512924122896697,1.4855948961603211,1.0077313534043273,0.4167519162424612,1.2890764820066136,1.5290160379168447,1.3320114966839753,0.6852797545924969,0.3775297613528445,1.1979850571416564,1.517174601338901,0.6397630195206998,0.9115762374603711,0.7971345478198651,0.7632978349589867,0.48407868921133085,1.1886407818494291,1.4381709529611797,0.7948977496050975,1.3177570412418027,0.6863807723553698,0.8642471899006869,1.5633162592104939,1.3106190105670923,1.0049467982072933,1.6484442674401394,0.2090557433672107,1.4027341667210291,1.1776681812838192,0.9764652126802968,0.9245562840121737,0.821924316581451,0.5882613525151912,0.8205222449127506,0.4659288445262772,1.129751517076711,0.3950716936654168,1.1912061083925607,1.7069483721219363,1.4571937243509225,1.5304632513754137,0.3549208100652295,0.7233137558203374,0.8129127654476442,0.21717496035558426,1.1094531785592852,0.309947702452676,0.8764198185707316,0.29468835644997854,0.7288309220618341,0.6394880923771741,0.19962516557448387,0.615999831360362,1.2815961720530178,0.6329638807476332,0.5026734047036215,0.3932289903213926,0.8141580135238952,0.4465539031079815,0.7946879542219176,1.0267913401297708,0.7036152355115669,0.8987908201502033,1.4072766181297551,1.462356956799069,1.5989321164209243,0.4185504326298497,1.2993908980961375,1.2551257161094986,1.2673270723163703,1.4562630009504494,0.6976443285361226,0.8033293864224015,0.35359581260800144,0.27983591777049943,0.7776590146526688,1.222335021199268,0.5781547597547952,1.4190511893748838,1.402562413200873,1.1606582085282917,0.27059990808724244,0.9474519697590195,0.299183095958453,1.314040253549311,1.1022160337932352,1.2633683678094785,1.556420696707241,0.8122905201171916,1.2955409809291571,1.5757371833621259,1.2672353600213353,0.9317923220402617,0.5766241173734133,0.72713214657007,0.3272587720900994,1.10211541627478,0.6438058362225535,1.4638277118151866,1.153889230142141,0.514708994619388,1.5901769705720412,1.4077532838717295,1.7203950695354846,0.6701252218712237,1.6515950709061267,0.9243841355525186,0.6650330685697317,0.8688905518990423,0.8610506002152979,1.156199407575127,0.24515639861475902,0.7017729934941589,1.31791515643071,1.3081952000057258,0.2802442465428034,0.3957074205015354,1.6067051747967307,1.3048380553786196,0.33706440613989724,0.7877917768393146,0.544805277822732,1.2893359822682882,1.0840695606034876,1.2612608807246561,0.40487302586285073,0.7591735736469691,0.8200268977443528,0.541280872786707,1.6257653097613614,0.7160602544349427,0.840001480881993,1.315261541856293,1.4895951040428455,1.0599213470606783,0.6333199149675117,0.813633220874421,0.5628658559560145,0.5470656429839534,0.19634807015365724,0.6167467167074264,0.5081108123228086,1.1558988229185088
1.6501590171981515,0.6162453141348758,0.6839667610897725,0.2765106406089919,1.1350930771419259,0.7238946004435071,1.4003502862753108,1.0405179130653175,0.6878589344220105,1.5887730060271616,2.0104600181940504,0.28693463203132225,1.699192740759216,0.4597001690624052,0.8427138513278026,0.33971134759014354,1.6152922394792202,1.7421044037878441,0.4352142753931643,0.8826089255342233,0.656095154987966,1.175102105286165,0.7704937260978241,1.3375541559969408,0.8811096679332496,1.8311351946469092,0.7727930000796093,0.41078350108566347,1.2713076359112756,1.2689451431815415,1.574483920995678,0.28901991187575343,0.4852054330501957,0.0,2.0499635800792477,0.31395174169056217,0.5796995520320019,1.181430876984408,0.31935875510651596,1.1933157648986388,1.4027507796748762,1.4926322045802427,0.6767936700605033,1.1024904364236048,0.8005849870366987,0.6013737321390654,0.8140410502280435,1.2032811255917528,0.7354626319691394,0.41935054391459126,1.0503550803966317,1.5539274505447762,1.953810760019436,0.9026906170992006,1.4446677629993223,0.8012668273172333,0.8762306672782594,1.1752184070049503,1.7145227951626774,1.6499857822744075,1.0502284041134222,0.29295303347408813,1.6417492897772172,1.8567664815730291,1.660525835046952,0.2001165569992467,0.8476692406204046,1.5626692439976844,1.684484003819179,0.1759135699538887,0.7508203162749624,0.3858100546842036,0.5907910885730736,0.7613631542532822,1.5113464568988,1.6847448013834134,0.9636236069539654,1.2950488009669265,0.7586427773431564,1.304814396373593,1.824351583577116,1.6604177967495548,1.404764405799698,1.8262532846260018,0.5999501585166039,1.581124020123359,1.4950117268965208,1.3492913453753035,1.2132837394164135,1.2770098739301194,0.8859008702511502,0.7621569319975862,0.019911838745227756,1.3887459882227366,0.8766015352547187,1.180248987986467,2.067816098329484,1.732918002943342,1.8169804531951288,0.7192172191403983,0.6941415657847342,1.2577923683738756,0.5729472403992738,1.1439122220735867,0.7547694340862886,0.834003087637294,0.3052791863785089,0.3242264039049394,1.071499058922184,0.6847323169516497,0.3033601413483865,1.6450458958525538,1.0475420325268374,0.11382492770099599,0.10524197379987921,0.35984992827351947,0.4376889400954524,0.9620452794393984,1.4696492454901766,1.109977568698892,0.7891266747165987,1.6579004106247572,1.7233944929917568,1.9066989931609937,0.42243068190828603,1.4374668398890584,1.3259395687321727,1.5966529934106466,1.6983341935977612,1.1728469906551897,0.3500441606151355,0.823576045403049,0.26086316026272643,0.6298891292471687,1.4896723258615252,0.1351949241823855,1.3326894207944824,1.6612610517815218,1.3988417212270672,0.5704992933768226,1.1201778521518602,0.6965106043946566,1.6376237505971507,1.1951940240590395,1.6467173262927526,1.8162721621758233,1.2086842742523343,1.3938577093860585,1.9345093416802739,1.6909310044533128,1.1491659937474443,0.8083976657985165,1.1829377235682306,0.7022004950062927,1.4251593976675156,0.687413944587579,1.7246207368513145,1.5066782018826097,0.07196131616070292,1.9266810999376431,1.4722844456291198,2.043703061224336,0.580550449124816,1.9614451383508433,1.3712321442434858,0.6167061240311428,1.306493406366308,0.3866050486502348,1.3922663701522877,0.3345591684684252,0.3413925852959004,1.2557072103426625,1.6260390340167203,0.6431784651151954,0.257083225531022,1.9855179641986178,1.6232501085122641,0.7932773217376413,0.9249961405601356,0.15015563483158909,1.2749006388190443,1.513266149883872,1.6375373396496056,0.8449002505881338,0.2755679903303836,1.028596050983653,0.24900745908376257,1.8500048227504409,0.8321255990611931,0.36118632775247156,1.5729734930237622,1.8524046205917664,1.3621282312876646,1.0053088026799963,0.5491827584805407,0.13437840353723363,1.0265369250646508,0.28921264895819,0.7331760097711844,0.8629396368128044,1.2694412043146173
0.4886257323205382,1.5260384443298463,1.9799163303437846,1.854346199547179,0.9164879554401115,1.828894752035106,0.9429548926772878,1.4779677997742697,1.6807434121495584,0.6403291466466517,0.19901472195309589,1.7916125373930993,0.602035905217553,1.625127823117364,1.2225083378111645,1.9771352100748787,0.779542642679407,0.6576996073078212,1.9722767272424484,1.4133593266012148,1.4494083305324463,0.875032961878855,1.3512545972188166,1.3381231310096109,1.6487979770494987,0.3586893797072061,1.2949898966234847,1.7703940010974175,0.8800699835138495,0.8101018171426906,0.8538179359792694,1.7690961674169532,1.7578870595629705,2.0499635800792477,0.0,1.8822493811523155,1.642517502080199,1.0957844103007608,1.8175019993198853,1.4779229281410304,0.8590051383511476,0.8443798008652375,1.7722943380619076,1.1473473492845465,1.4120929599363528,1.704465645641743,1.44567462089769,0.8534117529807892,1.3153490170818998,1.9100079020547875,1.0808873426972694,0.5031332743689133,0.09713168570716152,1.5454207054565234,0.6053037589972399,1.4188153580213383,1.1821321219865148,0.9686161688192393,0.5044143630387755,0.6169991608843052,1.1734657239288275,1.7637091973841375,0.5217060596332718,0.2725424012416333,0.4418631256763708,2.18707559142398,1.7372266024066818,0.6212017779136385,0.5945262718091127,2.2209153538663218,1.6108770832397232,2.0511200705605703,1.6626465659725425,1.3040068645835603,0.5728020402412588,0.39563178931901094,1.1037136160437524,1.2281468783491478,1.3325254909263682,1.0772171755903523,0.253257796174584,0.49798073750775496,0.8531681944286541,0.517792883122415,1.8872459799741632,0.613520811968507,0.5814307852103602,0.8199506643484711,0.8430564994425346,1.1650807499026201,1.1831425291472262,1.4555578071676116,2.0333203954670074,0.6625795778818914,1.5253262786704165,1.22329323374754,0.3637212775324458,0.31914053436801454,0.23298315377825873,1.404059094930272,1.457414296709196,1.123555652436462,1.5533422269561086,1.142366865630122,1.473737113888975,1.4028432561003623,1.7525798340572503,2.018724847018679,1.1978183108275509,1.670924044470401,1.8822093577758559,0.5541613444500043,1.1710468522731474,1.9709371403013984,1.9523964389721684,2.1490687803817865,1.6211196251245819,1.1058336196402982,1.007685292193774,1.1006464142692616,1.5186478806478834,0.41311464906222706,0.3410587330349575,0.16940592083866182,1.6315314262178182,0.787142538954426,0.9908517755381442,0.5026415143410127,0.39207860731229743,1.3453066560962677,2.141158593523949,1.7393532872534858,1.996366445665117,1.6195219560491811,0.5611322644088403,2.03209117955035,1.4019830859142826,0.40070644996526866,0.662523011135556,1.522383484002609,0.9638230195094963,1.9062806509207082,0.45308196285912694,1.0110497351392247,0.6284748863531134,0.2622266685826785,0.9952762281769115,0.8991498365721589,0.3701618023891856,0.8100958754387393,0.9090526396703267,1.2428721999510126,1.2170152723814387,1.9457394713578011,0.6575262263342678,1.404704590580627,0.3402492575056708,0.6356398475031283,2.018342415668038,0.26365747525804056,0.9599164460920577,0.15868283601804886,1.5741256419152614,0.13055153849048393,1.0744450294463233,1.5185888097027271,1.062833378507051,2.394828543606547,0.6701422045028712,1.9905620113541578,1.9464471111890043,1.3355744823713043,0.45409611574466396,1.9414775177909667,1.7951493554504774,0.47153614185078396,0.4577104253110294,1.7905591011709636,1.1557215775605971,1.9747408276497578,1.2102448020229373,0.9128851176732599,0.6061711344348445,1.3916282450350412,2.2192043848778766,1.0268200125870888,1.8710395967048836,0.3434046105618094,1.2466366875948647,2.360753090170184,0.48450271780314086,0.42299702331328826,0.6996942091835827,1.1310518939131742,1.803206927585194,2.1808110455554437,1.441139935411737,1.8589374385758257,1.3312394821413165,1.2497873371178365,0.9316879286253643
1.4460196176986313,0.3655613556470279,0.40531689834847645,0.43982439388711914,0.9731268606768918,0.41576331693406,1.1415200953250901,1.1243876088523186,0.37603785502526565,1.3623912974861145,1.8173028121023056,0.3783546291157337,1.6134374684017518,0.47881409295977817,0.7502867989997544,0.5847310233987406,1.3643073723602053,1.6698519283962225,0.674276593988356,0.5958508104424257,0.6426902035583093,1.0254626453412514,0.7466599334491772,1.3946450995382134,1.0098875185812355,1.7081320019138815,0.693254411479004,0.11943454551639607,1.192653875297305,1.076115125404506,1.3158687538345835,0.33157967556629153,0.17698508666648774,0.31395174169056217,1.8822493811523155,0.0,0.2872068890650322,1.1615156766552341,0.07618428087350466,1.2815835741269117,1.3454031051664201,1.2412608510894847,0.3635813498303994,0.841998334927162,0.5299258382124614,0.2912401440104281,0.5305026789076251,1.0300302093846492,0.6181086280409931,0.12611853340215518,0.8250784685956036,1.3791575463329488,1.7851183156364219,0.9993702967914659,1.2845577353531088,0.8315247895051531,0.7685803006775497,1.104136840942037,1.4976640300352722,1.562981505574854,1.0322168085440488,0.3278705106387426,1.4315624115242809,1.6643738146376847,1.466494088173512,0.513572206563989,0.5343477526577611,1.34399495507105,1.5959210877384358,0.46312401302869177,0.8582379693914376,0.655276899488383,0.6991513565972662,0.5819693060485641,1.320030367296417,1.544648833276855,0.8613559232771296,1.3245879971763352,0.7098862851500548,1.0330879918445321,1.675843416501849,1.45225634769262,1.161577576233167,1.7320911880440335,0.30022279299097354,1.4843366549280153,1.307065264533735,1.123683325991792,1.0404555092781926,0.9946805690791093,0.6996069840577483,0.8007188252409232,0.29541913049428087,1.2375519916838564,0.5720315191713558,1.200076866654322,1.8539809478490548,1.57413771322258,1.6516752399141057,0.4854701072679129,0.7094658706542755,0.9828202945207962,0.33168944182785515,1.1334037734097797,0.47544684326446285,0.8648987397150255,0.2213629765057372,0.5871509141042093,0.8043620736188921,0.3738799417984585,0.49542632409876075,1.4276764451988644,0.7916574474235906,0.34992476662930266,0.2321298685207629,0.6580598788258499,0.4127474719184767,0.8606012617363568,1.1967991015784072,0.8601197156386925,0.8633898158595632,1.51493677132161,1.5741609384370414,1.727857899398714,0.38500136682421754,1.365016686766817,1.295313276160593,1.401647290134502,1.561287524308071,0.87437126442052,0.6474724520820383,0.5102088753371162,0.1154230150784768,0.7230805454914857,1.3342393786484275,0.4198635110354474,1.4041659380783262,1.5130588187441685,1.2612162963821532,0.36046275677019934,1.0197297076556242,0.400186012643375,1.4466950997257069,1.1478175394970205,1.4159492042926998,1.6684857265440731,0.9663258846022763,1.3464924771554516,1.7216246182662627,1.4324192956923687,1.020760212731636,0.6597567768946062,0.8998065465272449,0.4141567735495008,1.232844017493921,0.6532608697121632,1.5755564816374459,1.2955279909760054,0.3524474855609358,1.7287681244605269,1.4478721683261606,1.8551380332201735,0.6300245135100259,1.7814947382431026,1.0952128797335574,0.6401001900535503,1.0368684044368834,0.6845198218192945,1.2559214785212076,0.12107635474747834,0.5723822816035284,1.3102970792007955,1.4388116265763002,0.3560479421909231,0.29412379515439363,1.7591438098038317,1.4356283635359524,0.48225289060042,0.8416157663089576,0.39555647679995376,1.2987283088260664,1.2503284978364304,1.4115068321055717,0.5700854930343661,0.5894890986379618,0.9028739624831672,0.41902070996823576,1.7257591022110466,0.7585342633418137,0.6640942471461425,1.4246277190280479,1.6364574039393893,1.1826751275232843,0.7759548385787772,0.720284217806062,0.3858855772678937,0.7240473078096581,0.050450847784163456,0.6539295158864906,0.6407474119919442,1.210201052002235
1.1876194481015578,0.13373514813733428,0.3951717238057795,0.603892118544309,0.7591454335727786,0.29591146447183075,0.8580061856794878,1.124259043462857,0.15229481187626429,1.091932503136307,1.5619633205390104,0.5182480550760876,1.4401682509356786,0.5232121935825922,0.622921693600427,0.7747134591269715,1.082589397075528,1.5063758659095086,0.8496566616148701,0.308758979865398,0.6119630531766793,0.8194813835099377,0.686859062375739,1.354937849646654,1.0590838917681902,1.5030753703238149,0.5878156704961817,0.17152160228877505,1.0405242738985616,0.8326003628643857,1.0318016010452453,0.46133898572584525,0.1206327383264886,0.5796995520320019,1.642517502080199,0.2872068890650322,0.0,1.0640684379980334,0.2604258247926569,1.2760652132752361,1.2050362341121135,0.9599520644673064,0.2143698417405757,0.5598507073837368,0.24794437876718825,0.08984540105741907,0.24343352873924284,0.8037487231740941,0.48771286444461676,0.27115613498836244,0.5652321006742731,1.1416440115572266,1.545771783948854,1.020436097160303,1.0602496212502521,0.8100159039658201,0.6235537294751509,0.9637845908740531,1.2312232988299543,1.3899838208993656,0.945641552881172,0.454300471949061,1.1696376928633487,1.4108885258888992,1.21426996890377,0.777770262007101,0.34287272757347625,1.0780303395384532,1.420777981149033,0.7428198387779076,0.9026395183789107,0.8574239715987999,0.7657088937490989,0.38965601481875844,1.0719194900299764,1.3296340737110552,0.71108450980532,1.2630294294663138,0.632119555660292,0.7465926951347384,1.4521779752807003,1.1913212430166935,0.884333260820696,1.5492824638079885,0.27356715266675496,1.30540906552823,1.0615502073223464,0.8564714280330624,0.8140924314004719,0.7075472411811912,0.4832681625216402,0.7908596904531164,0.559904687460227,1.0216777324171702,0.2998699095905228,1.1364737298743446,1.5867103319291058,1.3446511263197822,1.4163457225414142,0.2455048521422359,0.6925598672989023,0.6959294649172026,0.1367426944131768,1.046337787918375,0.19007465009156876,0.8398683005511683,0.3382653738762942,0.7902516838751162,0.5199420857334174,0.14223360854825617,0.6639011233143034,1.1615928891934553,0.5123721270065391,0.579219677000556,0.48056729771110585,0.8872733110862469,0.4449764034884982,0.7111970310774242,0.9099334843618636,0.5829825816058946,0.8777782220479639,1.2983453881703604,1.3516863884640917,1.4823934052742718,0.4195463450934169,1.2107061012624019,1.1808776166085204,1.1496999785508286,1.3482674657199991,0.5932711463920942,0.8763472955956505,0.32136588938030375,0.39656827970768216,0.7729623859687337,1.1122490277640804,0.6573957573235437,1.3772506221632137,1.2925278197536143,1.0555863828783607,0.20135571260499763,0.8581402882140873,0.3399701328760119,1.1967922132348674,1.0262671813381448,1.142778262006065,1.4454661298475489,0.6917045354583354,1.2148619596055996,1.4556611764782632,1.148079466495044,0.8337970228927178,0.48807974935715337,0.6126793569349105,0.3758233232184832,0.9857450085160717,0.6004335416460678,1.3531824463757474,1.0347106663558554,0.5991399940985889,1.4713060241135691,1.332419000605514,1.6022846550412824,0.6591746609242549,1.5347434893370842,0.808124080547065,0.6439478848188155,0.7507614318165954,0.9627522553458457,1.0515224373973249,0.3656647788646986,0.753820220571438,1.272327729209862,1.1915139299305162,0.3427733527777316,0.4432835050476333,1.4860978314346607,1.1881124280091087,0.32458108914235634,0.7116362332249332,0.6171512724443277,1.2332765800937824,0.9652487162670699,1.1408107248762298,0.285132605563707,0.8481449080673045,0.7265447844569228,0.5933710223512798,1.519433967054895,0.6486683250012819,0.9396097953734818,1.2059010445297524,1.3694234408840793,0.9462717311675977,0.5148711972122947,0.8355682932353854,0.669500704839578,0.4474169585563511,0.29395393661090186,0.5561024302274713,0.39411097752117724,1.0744572508983654
0.9323669312173672,0.9342192151479378,1.4574304506514217,0.9212550425058319,0.5394357907254749,1.353426679559928,1.0702735772358651,0.3848580230029705,1.189514802056958,0.9998243680538021,1.1559202045861598,0.8945334998860581,0.5707853017594511,0.7245097606771799,0.4423197104960369,0.9877200853706802,1.1485301348234234,0.5881472635837292,0.9533141701720544,1.0528121603664033,0.5310576150568633,0.49304123121493315,0.4188887206924822,0.36753258047826315,0.5555038877539886,0.7731140519327939,0.4790439660036873,1.0925537472203797,0.23560164561685082,0.6895692046510432,1.1679655526255164,0.9009241736555291,1.131259820778897,1.181430876984408,1.0957844103007608,1.1615156766552341,1.0640684379980334,0.0,1.0853501726632582,0.42266538840914836,0.2547650496111596,1.0769307501179686,1.27278435725503,0.9615162090015299,0.9694037048216267,1.1534107459066831,1.0269432863793468,0.591295483832685,0.57635564610394,1.2513267890029083,0.7893909976665485,0.7439511902048287,1.0175611696052849,0.4535003607378642,0.6216627328043848,0.39220853743456946,0.45090192721605876,0.19298423574408943,1.035084116178923,0.5292864808777538,0.13175273309374508,0.8990488358452783,0.9547402166427159,1.0299428358308946,0.8943058723133505,1.2528951699331765,1.3496154374002542,0.9458486298836354,0.5631457808516442,1.3227821588564286,0.5442425626626459,1.0433447347474416,0.643974209246751,0.6952958816347141,0.7895549122944117,0.7041167333990074,0.38078689939594823,0.23985938348145255,0.4517338364675936,1.1014708579578596,0.8426412262522719,0.957597177533583,0.9850981647080049,0.7028988902693788,1.3323729265880757,0.4937015555964172,0.7656474859161501,0.8697170371887295,0.5913238694153276,1.1581561763996424,0.6641460109127904,0.4336904681222035,1.1709814580282192,0.5583084801382591,1.1700468520173322,0.15065949010264845,1.2903866343546497,0.8055657675916488,0.8942529539340212,0.8564040852011323,0.48760305879354054,1.1004105720364272,0.928256606893636,0.04793051543843527,1.005249724935196,0.36385160543915096,0.9548549110048298,1.0310694979826873,0.988159164857385,1.1770389519712776,0.9246983336066279,0.9909858615170262,0.9259145046603546,1.0752373387948055,1.111257985518328,1.1513090537717992,0.765710420935238,0.37942528918125745,1.1956301241875855,0.9100547054999282,0.4582047198352048,0.6935276520524254,0.7646885864511783,1.0158016384268145,0.7897093404594391,0.31709226446804956,0.1465465889745196,0.8569168016935075,0.7046342502951,1.23360657899804,1.1458984946480482,1.3360906241055552,1.2505493563575674,0.5973343769813884,0.6276593879707197,1.1109460974041516,0.41970476586851707,0.7142504188144445,0.5095245817029553,0.865957502647304,0.3100257543330137,1.4039496708562866,0.8655796597832905,0.10305398751586602,1.058780961760107,0.8336942626141908,0.9003864047346595,0.22913108121829506,1.1790978993096919,1.2428293115155942,0.4104831665927185,0.593567254027172,1.1213216037190283,1.4398210559150477,0.7487414225796195,0.5107414090343207,0.7650538565232435,0.8774282089914607,1.1257880906123274,1.1076279169922474,0.2913024674803605,1.1655203918746777,0.6055591857041855,1.064580382225569,1.1624883964403492,0.5649215178800215,1.0891797279901088,1.4429369066378923,0.501385046642078,1.2821650833114728,0.9601394894985306,0.3123245618474123,0.8420793422125236,1.403555481264582,0.9397142553351991,1.2827648678147752,0.8419318389285766,1.3621056243017777,0.3583802079241829,1.0591613783448472,0.20685489414813382,1.157410292172517,1.028763228235917,0.988770297144803,1.2594105379503502,0.4231646354137106,0.9457900614597857,0.7927971262347823,0.41600120089379944,1.407018394245944,0.6525870332154227,1.1302296715896716,0.6643767640263004,0.8035232686835797,0.7680748996985439,1.3135067093623523,1.2052453411172839,1.1178281293165366,0.5148456714588767,0.7861503964163777,0.16703724433382217
1.387498985392023,0.31401806527948545,0.4573008992920883,0.39345342615717743,0.9054419709926061,0.44462322332049886,1.0986346875538753,1.053378836580697,0.3755362673917606,1.3092316816709206,1.757070412381692,0.3230100671034661,1.539429352751382,0.40802942158434147,0.6750957353862901,0.5499315085452864,1.318914058109995,1.5951239727879025,0.6352757009481586,0.5657008921965165,0.5675109692655598,0.9562797492211135,0.6707728732438679,1.3208684719339894,0.9445338016039061,1.6373112210170648,0.6174259323728467,0.09290285077556376,1.1177444255418116,1.0141756777529314,1.2732616429986963,0.27181463690560104,0.1731001247495286,0.31935875510651596,1.8175019993198853,0.07618428087350466,0.2604258247926569,1.0853501726632582,0.0,1.2104439083541063,1.2697966088115673,1.195757415906128,0.381989559064204,0.7988664037507044,0.48982727382090135,0.2879084429931542,0.4979318709940428,0.9643335517746988,0.543753469555182,0.18594826708563406,0.7697265717421022,1.3147404434985297,1.7204028596460015,0.930230805451988,1.2175927196034162,0.7576925780267606,0.6943072463840496,1.028769189787118,1.4422653819955666,1.4890012485640935,0.956114237435646,0.2671168616428515,1.3744031737979034,1.6037625468377008,1.405857481161564,0.5180834952477612,0.549413043446099,1.288736658676134,1.5220761641040703,0.48372127894608485,0.7913705249728988,0.6259863603772692,0.6343417550837219,0.5144422629903607,1.2585188761458777,1.4755184286620449,0.7870640024516684,1.2494798469183723,0.6337069491591457,0.9956178594904915,1.6079916613992693,1.39466512678797,1.113030788141259,1.6587696287050886,0.3422111948750898,1.4109316254497875,1.2448625741908836,1.0696807417822052,0.9747285238171691,0.9627403096427881,0.6343863556348459,0.7276155038191897,0.2996048131007712,1.1692147403192887,0.5577195813911733,1.1247447469366212,1.7983865602729958,1.5075686410848317,1.5862239694544205,0.42966875001483396,0.6353943006893888,0.9468483688556356,0.27560366638089245,1.0573443289398503,0.43987620120066095,0.7909514010183368,0.1521401445974422,0.5575753130954615,0.7640248197359923,0.370931809207487,0.45166331091716766,1.372268209227608,0.7464069308136875,0.3295777448008393,0.2222290760643984,0.6410581126786561,0.33953199558502445,0.7862548544260708,1.1601983861110388,0.812868734911584,0.7928608048760087,1.4461121227208198,1.5062497115064866,1.664784328502224,0.31145749949781654,1.2900219656216505,1.219159118146453,1.341072486503732,1.4918166697620756,0.8536877705923257,0.6302292789855753,0.5253467814092535,0.18051211475815643,0.6559828010903747,1.2667182762022666,0.40534429549008016,1.3313507623795509,1.4449066879959078,1.1912395858840883,0.2955375127965737,0.94575916833582,0.44170163822083863,1.3853945703203403,1.0718164702964526,1.3641429700400953,1.600527033946325,0.916877243910563,1.270611590316802,1.66561905620764,1.3899687451376657,0.9491291837437859,0.5885623982686143,0.8681538507766259,0.4609203422829742,1.1713017375737862,0.5773472597416817,1.5076248372671261,1.2382853928481907,0.3429783898071336,1.6693917853818936,1.3717035839370995,1.7940468285445186,0.5594395056872907,1.7186963242840956,1.0600125419675221,0.5671387463639915,0.9984066744975125,0.7027911820932317,1.1857845962509648,0.19715629507186302,0.534289546321188,1.2365165831183458,1.3767742403840524,0.4050183652132369,0.2379999251790603,1.7066647979317582,1.3736598473864114,0.5047644080156861,0.7662755761646827,0.3718588116302366,1.2234234471362266,1.2093588018894195,1.3583544185027896,0.5324904685713889,0.589895399586554,0.8305725204730237,0.3756361862233219,1.6550890837705614,0.6826821306329273,0.6792722551284236,1.3563307125346786,1.5810724060444648,1.1185604850929352,0.7214894506650569,0.6650783104049663,0.413322917011616,0.7072239082613471,0.04163463563741178,0.5780035532371578,0.5832266143625894,1.1345389426903263
1.354539851598012,1.1634856629835642,1.643896783521865,0.9173372198821483,0.9361588730064522,1.571266668122986,1.4708543134259033,0.15723959505203094,1.4211218195779183,1.421102371640287,1.5598111199645577,0.9318291323766372,0.8984243847977376,0.8027882183353452,0.7249325022953724,0.9062123952359085,1.5656159948149284,0.8798799191200141,0.8363725883584745,1.352023730771326,0.6647001152579937,0.8997945196703108,0.5968314165222557,0.18543236728269372,0.3300343932932071,1.131869428246581,0.7212828243330723,1.24864832944048,0.656575227083595,1.099501528950822,1.5807074320151513,0.9626263524089601,1.3087658508232416,1.1933157648986388,1.4779229281410304,1.2815835741269117,1.2760652132752361,0.42266538840914836,1.2104439083541063,0.0,0.6209984385172763,1.4877030324697411,1.490071310480235,1.3212678719695685,1.2538488485422894,1.3641544650450503,1.3104273387601035,0.9975211344924043,0.826400000979181,1.394559263972381,1.1520259942943427,1.1647791917723602,1.4083981337237381,0.29079525136901363,1.0439072645725296,0.4661231169907588,0.7568618973811444,0.6109994601763231,1.4574696991929008,0.8702608761113535,0.434476306551331,0.9641604824516276,1.3773368021523549,1.4418532665075392,1.3149773317045643,1.1959792150459922,1.6019485725912541,1.3674997024299038,0.8988550282782093,1.2915317987005253,0.4425017008150289,0.9285457001156106,0.6039484538648847,0.9734191586719991,1.2122099515148765,1.0996775693990255,0.7237771877809306,0.2531572207919816,0.6585469069634097,1.4852233287122008,1.228981747147138,1.3799467363626956,1.3925953842271268,1.0197832230176394,1.5177990013264062,0.8644919273704464,1.1882968437072916,1.2784649134763304,0.999093974476047,1.5315318753609588,0.9873551679220093,0.4882453070016124,1.1894824778664577,0.9809381882544176,1.4548228014483682,0.2727448711700825,1.7024267115906864,1.208669110524671,1.2941037657562935,1.121548061535372,0.5857824686792578,1.4763199538055034,1.1425589375483836,0.38934937996290836,1.2739382185087276,0.43633989136084134,1.0602218154965322,0.9447578822195717,1.3387844447507267,1.4092595210820626,0.893456375641768,1.4136348993234162,1.276981036541998,1.079494121807965,1.1558180166208378,1.0354684229206241,0.8719845754127297,0.7214503041394382,1.5947977088941743,1.2759966753476275,0.4185128333592913,1.0942298516879656,1.1624965269226653,1.4174462180003897,0.9004209602312478,0.6941894513161048,0.48994866204758797,1.2791166239278338,1.0961391242792176,1.5786652385390445,1.0339178308074053,1.584157280513423,1.3423172788001776,0.5689267426942517,1.0477601443217692,1.0856998936297264,0.15022129173862003,1.1178861534716187,0.9309928609432608,1.0775031756396738,0.7121271341466527,1.6048770390926073,1.2863879742799325,0.5255685094535895,1.4806368269660541,1.220292708792474,1.2860377419180835,0.5794047126602396,1.5956007698218604,1.6604570372811371,0.8161143911305733,0.8843740546954915,1.4812020635658631,1.63541229444934,1.1698034318106454,0.6768437296213199,1.1626127131153658,1.2986446356389347,1.1249893145095067,1.518488805100829,0.5342663322855304,1.5645287277169104,0.6515911193013408,1.4631233408848874,1.5508518775141713,0.6456523903623745,1.474370841171809,1.349057683485148,0.9229676037866256,1.392922533545552,0.8874272081786164,0.14615109239801172,1.2626101900689075,1.5887203275227113,1.0038278910271914,1.7018263369461097,1.2626175154645014,1.597782712375304,0.674424552910129,1.047429817956272,0.2678774601554482,1.5647885043329217,1.4509332510831903,1.2839336875308436,1.1753585094277534,0.7953559193023311,0.9449635787233166,1.1504029180268949,0.6796321639326246,1.3144522582973337,1.0647957678055096,1.5500235919584195,1.0845266163625173,1.154411310961866,0.662289900776068,1.3095478025378433,1.5220425339425812,1.2319724746754936,0.740508510881783,1.0990977435899834,0.5826173617713177
0.7749479558123564,1.0714122435767588,1.599358126360925,1.153290197538255,0.5361920793478833,1.4795741485722684,1.0147235784144932,0.6228106117153758,1.3126345387788982,0.8757609763815659,0.9404960487402091,1.1170884238480958,0.316431428638795,0.943099900160761,0.5960705031918918,1.2327780023037018,1.0430769157682112,0.34175196222365634,1.203299842591268,1.1306320820404163,0.7467138914807222,0.4720141590117431,0.6323991368754645,0.49947363116891835,0.8061918381039952,0.5233046308061192,0.6527284095920292,1.2625293154459394,0.16926406684898865,0.633146099599766,1.0774691885808279,1.1160824509156253,1.2887952610516304,1.4027507796748762,0.8590051383511476,1.3454031051664201,1.2050362341121135,0.2547650496111596,1.2697966088115673,0.6209984385172763,0.0,0.9954169029734864,1.4019787280265512,0.9794473391643609,1.0645605142936743,1.2911930373532703,1.1195960885049463,0.556679004870433,0.7315092385043813,1.421799783655523,0.815758686441035,0.5803328175940903,0.7875307408620664,0.7057065223084839,0.4785120786472992,0.6366825513405625,0.5845919957750986,0.24271371901477104,0.8783815995643126,0.2745463181043241,0.3680793976094424,1.113218304701386,0.8047555162895248,0.8290473875193038,0.7251605834930417,1.48953525869283,1.4525420860280487,0.8202560731921075,0.30838738002985716,1.5526627113020408,0.7985965742619948,1.2920603940785884,0.8912337656323165,0.8170294023292006,0.6523098669411916,0.47926377607358894,0.49442208318094166,0.37723604140211253,0.6481640603723972,1.0766582344369915,0.6084692581011182,0.8020698021631548,0.9165058534494107,0.44872079912012713,1.4784858642674732,0.246580723520879,0.6300229563322725,0.8036110432733904,0.5522203029292932,1.1472691294663613,0.7494818890771672,0.6779264349550933,1.390667830149441,0.43043301846399157,1.2546669464656897,0.3653871119681771,1.0882366025383943,0.590436126632368,0.6741164948714395,0.9741178082687928,0.7180011308380402,1.088175778453884,1.0750114847288414,0.30253352199165856,1.1108239787183736,0.6110837744001258,1.1526289019221798,1.276165633350511,1.0161591006312825,1.3002613650098582,1.16242249065959,0.8472439019720449,0.9571866897115175,1.3011234165572187,1.3246552329594437,1.3990115500282643,0.9727426746936784,0.4944812188698662,1.138482449405093,0.9227623239071531,0.7114368165914469,0.47564752781677827,0.5423914368098787,0.7976676114582495,0.9937455644827292,0.07347808785824501,0.1318517887798613,0.7020010703980426,0.47518382329982045,1.2566726842657876,1.3931537442171467,1.442530109624012,1.4433557319977133,0.8447262399470647,0.4646077813208534,1.3431879112913794,0.5628419247652673,0.5007554882594946,0.36645782247897685,1.0182039033737151,0.35144701102858433,1.5389487461722307,0.6980153243059629,0.20814578811046214,0.9276854776708006,0.5997207990025237,0.8828326842200886,0.04441389251681213,0.9885892823765706,1.1327132530601758,0.4105296972938554,0.7170117871769415,1.13078396021994,1.5769584549546538,0.6375612306832387,0.7167557667546903,0.5424395184113238,0.7583714642324039,1.3517781433487903,0.9040193740782148,0.17304043290458898,0.9438543071786889,0.8396179668061676,0.842485456197291,1.1272790671780606,0.7933466864779329,1.062469774246767,1.6844633263695683,0.36042786151605505,1.4663240706193716,1.2043428024718208,0.4822078219050794,0.6733833042302922,1.5477020968719462,1.1525789789975593,1.100153686060014,0.67420595418972,1.4762939065163037,0.5043516325309304,1.2893992217914236,0.3553417774461376,1.0824723650275478,0.8947802883853625,1.0737068047661442,1.5011112977253056,0.4882099702320031,1.176397169338722,0.5427374573132168,0.5877091822366205,1.6486467455329714,0.4580902387337012,0.9523408111633547,0.5661486960296035,0.8440575829461102,1.0194841209832117,1.536546260846151,1.2595387094278125,1.3057221564094479,0.6926094033632875,0.8693558912617115,0.13544050469130278
0.36722203739305953,0.8821193556959981,1.2181536205990617,1.38941721468819,0.5563568694433739,1.063072951649429,0.11011140722447434,1.400795008367788,0.9432127318204865,0.20531483226701966,0.6951454356115908,1.3051157781490197,1.0045814665029016,1.1830887475151308,0.8626085954910695,1.5527633853455722,0.12315832075310032,1.0943294908351855,1.5876306707301255,0.6675464987393144,1.0824913844285013,0.5879085564256585,1.0394864532833785,1.440378056164089,1.482756132558441,0.9022883204272242,0.9167654254957811,1.1218405584117528,0.8683364744303034,0.38833052260667433,0.09598581588716704,1.261897864941093,1.0801367896691494,1.4926322045802427,0.8443798008652375,1.2412608510894847,0.9599520644673064,1.0769307501179686,1.195757415906128,1.4877030324697411,0.9954169029734864,0.0,1.0244738678278418,0.4001013824805278,0.7124127284749531,0.9937504729145074,0.7220928948175236,0.49040071754188425,0.865612644029475,1.2259618133038563,0.4544528570458584,0.4853342706773771,0.7628925744227115,1.3895761877979467,0.5320618904800061,1.1732642086492135,0.8143501961081518,0.8839732287548145,0.3426074535452499,0.9714800015284344,1.0566530114853432,1.2547003113535724,0.32859691646015343,0.5723973468825947,0.42901390074916335,1.672165207680555,0.9470448197371732,0.2378405452395689,0.9828104584895562,1.6674759464594922,1.3716341978718352,1.639448748772786,1.3363990236962766,0.7629634292430361,0.3807035607853798,0.7280179842257112,0.7980612655523915,1.3092956848683484,0.9860410482326962,0.24753995386532807,0.7698203312172481,0.35120025671323146,0.10085218878530233,1.0410986138586242,1.1505507349685302,0.8901892562067233,0.3954733701095624,0.20965530114895828,0.48861337275417965,0.32969030496926166,0.6517844805098668,1.191669262813167,1.473179848287593,0.5672741645875296,0.7520776716221228,1.2249326155472269,0.6629955387347188,0.6591709629522975,0.6794994837815476,0.7734420576644689,1.1362257212110365,0.30037685292269956,0.9228688372008628,1.1019318635464437,0.7701984540909965,1.1781910539566045,1.1918978214748117,1.5858634126864493,0.4418872523119273,0.9364366282939017,1.4373440246744593,0.29085475381703124,0.4497195790959786,1.4496324275265078,1.3873957599432762,1.711207659403231,1.140668885808603,0.8008151925503085,0.17112031653898988,0.3832988537181673,1.2901660330770732,0.6991549528941804,0.7028982099818641,0.6770908131495917,1.1367377180522058,0.9421378647311581,1.079884871380189,0.39067065917555177,0.7510010338756293,0.5143807252063705,1.7010675533027688,0.9547806803284438,1.3544393356783175,1.3084432347897252,0.5664861690899158,1.5251657026516303,1.495711882735474,0.6739483275430259,0.6333223022828546,0.9225819237527231,0.7755767347761873,1.1433270633810346,0.4335884988323342,0.9766182194076752,0.2214734941249908,0.7681201617922063,0.2859517937967751,1.0349788384741714,0.5447932250181282,0.20319829794843347,0.6715924025758748,0.7687509848580915,0.4000879973168631,1.1802774306796986,0.36238099031321536,1.0349003199454736,0.7044844463540438,0.2648810259337568,1.4867316617628643,0.6028158191794781,1.1678202242108289,0.7439728684708083,1.2130841114547137,0.7149376062531253,0.23091335150151412,1.1598706273307844,0.2358195074539345,1.8759986180208348,0.6381876919416895,1.325226719936979,1.5232051528853892,1.389225293923477,0.4481105879283357,1.19046137021693,1.271428149707535,0.5431030563456861,0.4445496080451091,1.0099478560763537,0.8602289236820478,1.4713699205944513,1.2778020415247275,0.08921669797717419,0.2389197813981336,0.6754035064199405,1.7275131691245116,0.7102494129987404,1.3951701704695116,0.9085535394766284,0.909742027679007,1.8472174229396092,0.6319339841913797,0.4598028358167743,0.4293520561825648,0.4931043043763346,1.4708745340364928,1.605210857529769,0.6347689616387353,1.2356988865555136,0.933200001839557,0.6346165808364685,0.9465291345870123
1.299099887836232,0.3387382181342103,0.209294362612285,0.7699842747775508,0.927286472283907,0.08161709248943266,0.9159123138062693,1.3377791673639217,0.09360181672087532,1.1835548970012566,1.6727965959203706,0.691523355630967,1.6215402062117767,0.7251307467427349,0.8305280049628748,0.9313449499340062,1.14257196138315,1.691884710810069,1.0147759827046914,0.36339643589832127,0.8256187769059544,0.991399229184687,0.9011068266675967,1.5689197584696795,1.2666252099192339,1.6649140244938265,0.7994472222469479,0.2956412311945524,1.2350273990626803,0.9720405007151203,1.0820852383793764,0.6358292786452567,0.21355501080877157,0.6767936700605033,1.7722943380619076,0.3635813498303994,0.2143698417405757,1.27278435725503,0.381989559064204,1.490071310480235,1.4019787280265512,1.0244738678278418,0.0,0.6381329360597263,0.3656961069907996,0.12606917864734754,0.32681559066825927,0.9609393468575251,0.697343371614107,0.26814409106870424,0.6951745003458846,1.280343042214585,1.6769446478914132,1.2317950586536262,1.2130220767537898,1.0239571035638324,0.8270378696646647,1.1631641528489767,1.3282699174683552,1.571925642925845,1.156709350976827,0.6296326923637846,1.2757970054254488,1.526159932177889,1.3341936715498075,0.8753892726841572,0.17087557094421843,1.1789109614194364,1.6013734105882786,0.8150427301281763,1.1100180218401507,1.0079747867647832,0.9673471153481388,0.5857752405759905,1.1998530157718728,1.485926356398156,0.9112627106657605,1.4756933308392055,0.8458306232449682,0.7874755141262808,1.5998223608902578,1.2987195106058589,0.9645259855012648,1.7247244301402336,0.12784313574862344,1.4851526301642335,1.1928586403156316,0.9608560701886524,0.9709069899105903,0.7274670980454303,0.661270697509246,1.0040734548230619,0.658603616700584,1.182063658204442,0.27570786325364033,1.3492756704452904,1.6773557737571256,1.4882617838261603,1.5532724904427126,0.42808354401619986,0.9057933205119374,0.7333646069663498,0.35025782616789614,1.2567954564544774,0.3068523376077852,1.054005714278051,0.5076849712865557,0.9395612429896716,0.5900038775799993,0.10499561668891359,0.8294231632961542,1.2605617341905768,0.6046889805655861,0.7086476459565374,0.5940732492086261,1.0193987728043368,0.6469488724722472,0.9116386660404825,0.9401424060489716,0.6768648520651024,1.0892204747192256,1.4537846709750342,1.5015541068544571,1.6072050358102599,0.6199540780214032,1.4025614364475947,1.3853577487361064,1.2711427903219576,1.5058835479592763,0.5719855936173145,1.0086886725743303,0.14679208570588553,0.43566787633937626,0.9781665728224387,1.266053967132668,0.7815833788530666,1.5915802869004532,1.444815730286238,1.2227683491355303,0.415303648314257,1.051698857359325,0.13956220189021246,1.32008926893547,1.2302094520152242,1.2272388264424103,1.5937530941767526,0.7863710928823588,1.414485404986952,1.5503168994618237,1.1944406791451025,1.016453387291542,0.6873666633155485,0.6370560694921507,0.17918859515385044,1.1168371979501504,0.8147813405205983,1.5031183394902454,1.1454760842444753,0.7153148748905851,1.5800311656997317,1.535720659226162,1.7162175824177717,0.8666595632310822,1.6573869216704162,0.8366813036547264,0.8548385547600897,0.7955526650017396,1.0350557557735642,1.2196063263658259,0.3743103223682255,0.9146563789835221,1.4864518386480898,1.3181983582912975,0.16956266583843296,0.6092549448131807,1.5655617933909247,1.3145853257048006,0.1235167932638475,0.917241509832903,0.7524498788609685,1.445642609133029,1.011120373349474,1.2309222284361607,0.3810165960842674,0.9522744096717257,0.9167564630163535,0.754472937582179,1.680211514916472,0.8589591401136882,1.017945160925195,1.360903622134933,1.4631972013811119,1.0901849519906803,0.6462406402008135,1.0247780051516184,0.7329180817877468,0.41858731133540666,0.39716452172030614,0.7688906322138103,0.5536335201593364,1.2740580558141057
0.6652671331965262,0.48712779663738637,0.8404979152721977,1.026635377888426,0.44364294105603697,0.6866819775610998,0.2998299542463495,1.2030959019067171,0.5518039402458481,0.5455027952312236,1.0367170745717529,0.9388474833102649,1.108714685839938,0.8405511220266021,0.6097637658032414,1.1968477716888983,0.5228076391478306,1.191821217265999,1.2438099914783916,0.2749663119709897,0.7846136796898864,0.507529883120074,0.7765016275242488,1.323417142901483,1.2352939980301345,1.0920745703150387,0.6405437287472028,0.7226752049352695,0.8168111954366245,0.3910938975726779,0.47443211617283554,0.890779003427488,0.680066728765549,1.1024904364236048,1.1473473492845465,0.841998334927162,0.5598507073837368,0.9615162090015299,0.7988664037507044,1.3212678719695685,0.9794473391643609,0.4001013824805278,0.6381329360597263,0.0,0.31244951945269234,0.596061377640237,0.32370818967231596,0.43081635465588614,0.5587725829682705,0.826549915517442,0.17218735126838203,0.6758025213954894,1.0542553576112714,1.156008048073579,0.6401153979204477,0.9232872821024233,0.5700329151579093,0.7867962114776408,0.6901682534868747,1.0639063411930667,0.8944634192573803,0.883309846508352,0.63971118326537,0.8926629329719558,0.7056689279454922,1.2880013557429522,0.5899184063869286,0.5416799043916586,1.0866868388767028,1.2757896259335957,1.1013711605124608,1.2845636458351146,1.03059318156712,0.42289699353815763,0.5826770500537756,0.906709779011051,0.5986004597579346,1.2003809281915154,0.7139423032916352,0.20984823303657768,1.000360134769551,0.6629723158699622,0.3284811717379769,1.1869177240452244,0.7610380171584864,0.9739638532838034,0.5805010437627925,0.3277363603206803,0.437673290514358,0.21911637328160408,0.34809317229439896,0.9300857638346588,1.0827903362139943,0.6315533035700034,0.37856902049983515,1.0907034289181488,1.0400761716596878,0.884953187798716,0.9388890232956711,0.3873461103270755,0.8538084529660347,0.17452053201918852,0.5296547385342544,0.9698905374575835,0.37016284973098385,0.9379500413457976,0.8076316626942676,1.2260364699093087,0.05051462255203765,0.5438996720355236,1.0792182908095125,0.6227104224161052,0.05814543651067796,1.0684045075165087,0.997452870495714,1.346114724652462,0.7857797170525002,0.6007974311353259,0.37167441545854,0.057907317880995214,1.033487005297746,0.87396922495249,0.9087330259671238,0.9794838751327261,0.7765688769587232,0.9512159911397895,1.018596272796767,0.6449927589155152,0.9288429508869467,0.27740085422373,1.33559441900461,0.5921435258522695,0.9547028768281035,1.0117586923454716,0.6920224699373172,1.14579000285925,1.3680644714027015,0.8586899296959957,0.6888239301111128,0.537907417642269,0.6586994559982352,0.7658163137958092,0.6947732469204486,0.8783072605093885,0.590717243860875,0.9955349615794145,0.1520722435223051,1.0080086449397092,0.9123170319000573,0.5911297328674481,0.5735300918290407,0.4690833239680058,0.16055216229943614,0.8045114203684883,0.5076052327843218,0.7423068387913633,0.9103760741029968,0.5130384611082035,1.1021792769763228,0.9435397390733734,1.1452424016502043,1.0811796391698865,0.9030386421061034,1.0275924340319664,0.2815285555678363,0.8564826408752755,0.2081755847153644,1.4882661627217115,0.6888527106486703,0.9251872570257798,1.1688061490763282,1.2556041209389723,0.6963674946851668,0.8071135391089072,0.8948476906280571,0.9319574240606056,0.6926034582839673,0.6439803000510135,0.6471331170251037,1.0942775321745204,1.1672330647945972,0.41104000465554313,0.59309856643928,0.2755478615445679,1.3477361784513124,0.5388246435915848,1.0286241961033264,1.104468865266816,0.6589277220909948,1.4608539376082537,0.7843068889008444,0.8252142668636924,0.5067669025047189,0.16832392352488038,1.152788006894666,1.2106292487870245,0.30720774837991066,0.8381954357163314,0.6425753625421626,0.27506256694191267,0.883102692600935
0.9472958501145985,0.18767197060621063,0.5749611295365027,0.761654777874581,0.5661299789367477,0.4328107212396351,0.6116352917145419,1.1138004710071638,0.272247777445511,0.84573718510478,1.3221341193982743,0.6720296388035646,1.2643834315282758,0.6127519388233933,0.5387389508728296,0.9359171279298789,0.8352300924460428,1.337844479181159,0.9960875063430992,0.10705911319949815,0.6237604187332184,0.6316908736553064,0.6605176854148637,1.2997339227168228,1.094280776510746,1.2996885828227527,0.5326114046681873,0.41079695888351464,0.8954554443252664,0.6073552654101202,0.785943400683107,0.6187380322642241,0.3685047862059034,0.8005849870366987,1.4120929599363528,0.5299258382124614,0.24794437876718825,0.9694037048216267,0.48982727382090135,1.2538488485422894,1.0645605142936743,0.7124127284749531,0.3656961069907996,0.31244951945269234,0.0,0.294221351519566,0.05771810392685855,0.5959332591576657,0.4276057023020558,0.5171944317946396,0.33155413837959313,0.9164802302155408,1.316080024958291,1.0342341374594781,0.8473288803093109,0.8038177128682373,0.52013486281193,0.8338980610434611,0.9864669528510849,1.2153834658056808,0.8683490681908594,0.6111408502493499,0.9273438433781369,1.1726211843891243,0.9777262488179744,0.9919494493339452,0.38798373737886555,0.8338911704100256,1.2437289106783715,0.9712005540269085,0.9443075610442737,1.0229072287669847,0.8373705936388027,0.2817996041498077,0.8393463446459476,1.1202755953429193,0.5908475863588385,1.1918915685788034,0.5969010095580413,0.50582326640366,1.2345964718049378,0.9495031020751359,0.636481612299376,1.3636424435127532,0.4753972091923139,1.1273560052298846,0.8310501588747713,0.6125475384908012,0.6058083628587724,0.4771511441576844,0.3152235063047861,0.7968471501561433,0.7807086166941594,0.8171287900202476,0.2025385026792382,1.0691086533964784,1.3410992450267158,1.1235924544900855,1.1903013876240185,0.13898013815021898,0.7041712838584225,0.4575669016267295,0.23280253234253823,0.9622727265335203,0.061904014337698154,0.8276411877751664,0.5181585101753831,0.9597390190782565,0.27468694741497146,0.2614496642511223,0.8186962726542367,0.9171621947767774,0.26446990535846676,0.7782128443781728,0.6966131381942083,1.071542077005724,0.5438012257477858,0.5918733306224533,0.6704915520070923,0.33544649510795815,0.8963604128913023,1.088109901587934,1.1360408867062084,1.2489046257906538,0.5270415076402126,1.0572723538506026,1.0651200735915218,0.913749797924171,1.1402998272463378,0.3998740728108446,1.0607356092394038,0.37850489548436284,0.6422824446700278,0.8306879202484451,0.9003705590105348,0.8569050191504745,1.332506804781567,1.07914563620418,0.8595374605885232,0.26211532491007666,0.7136421290903535,0.5042732253884036,0.9619278833451242,0.910987167162642,0.89561293550189,1.228444228933916,0.44477132898176525,1.0820551118501134,1.2107307227355648,0.9024982590285079,0.6648511027479995,0.3788230004643005,0.3839583251186962,0.5441369765941414,0.7548930376749075,0.5942677762158647,1.137600217550008,0.7936590548410419,0.8072961150355681,1.2305398052321368,1.2104412866893108,1.3637632356552791,0.7139861327301288,1.3001868088394508,0.5709402850348435,0.6802809632569438,0.5086040605337999,1.1871781120115854,0.8567143695285475,0.6136072767159356,0.9104259606601909,1.2217866373285062,0.9585124072467097,0.532336400687726,0.6146657126078844,1.2387541962038011,0.9549814059304913,0.41590824878272176,0.612718765152154,0.8090365645123422,1.1598613986801587,0.7206449542527898,0.8944502363642649,0.0461647654236544,1.056268729088986,0.5766567782811338,0.7585984667011441,1.314839949829664,0.5788466096214351,1.161346708075329,0.9952337380112783,1.1241676923933759,0.7249864536593974,0.28183637039927256,0.9384820028557672,0.9030249374843087,0.28673408306890674,0.5281725634290001,0.5148820915008645,0.19629367156268207,0.9433988476333661
1.241511474474621,0.22054820687103052,0.30817556782605093,0.6614131773715198,0.8343499857946517,0.207118125799481,0.8884484044201596,1.2117359684987445,0.08765430415675525,1.1374727034975531,1.6163500002924338,0.5793560442832809,1.5212410249691488,0.601739777449501,0.7118873246750397,0.8278743546865989,1.1150778304578803,1.5889164447546014,0.9075487116974892,0.32772181714492393,0.6996196337344053,0.8963097884577006,0.7762813857006989,1.4445326852450537,1.1417366043423538,1.5771168923794987,0.6775823713269252,0.19540529822033834,1.125803754990127,0.8966194306225552,1.060044983990913,0.522808369706781,0.11621810417313878,0.6013737321390654,1.704465645641743,0.2912401440104281,0.08984540105741907,1.1534107459066831,0.2879084429931542,1.3641544650450503,1.2911930373532703,0.9937504729145074,0.12606917864734754,0.596061377640237,0.294221351519566,0.0,0.2723573918251314,0.8747801284458074,0.577094119872713,0.23573399497883704,0.6236959517051353,1.2062772043499328,1.6081425295697878,1.1059130137596378,1.1302206790902534,0.8980315634266784,0.7113559172185987,1.0505765916143943,1.2794014748961924,1.4712233272243158,1.0353731301448892,0.5162158149160923,1.2213343676031654,1.4667850733817536,1.2716144379537802,0.8014656411519435,0.27100883867870923,1.1273010902151046,1.5015656157537347,0.7543277009404549,0.9851374855118001,0.9077120955081573,0.8443255127043615,0.47443660515197505,1.1321038667317367,1.4014003656090417,0.7979349979140342,1.352873617984471,0.7218620539513378,0.7690078122459206,1.520799087861316,1.243577859962238,0.9242317084971239,1.6283282442112095,0.1908204336692381,1.3858106335332998,1.1230552424461184,0.9062465914050905,0.8850085662416163,0.7207208128450406,0.5612859146120505,0.8780098355124151,0.5821242312328984,1.094516892024698,0.28266760597082063,1.2263149924295298,1.6330687030080158,1.411571952916821,1.4807777970583675,0.3233506679769298,0.779732879118921,0.7163807770650668,0.22658805391872897,1.1359917175496137,0.23235173989362098,0.9281889107106398,0.39562948407895143,0.8396514936439062,0.5519845879627011,0.08341011450029034,0.7213828601934626,1.2103529319585822,0.5539747689792501,0.6170880026985023,0.5091263920120641,0.9283459028262794,0.5234048715389215,0.7981319410844835,0.9291325940380238,0.6262012848695291,0.9633115666157214,1.3697457516037643,1.4210293532131149,1.542182658180504,0.4968612747093906,1.295220589484689,1.2692319872866942,1.2074935511543763,1.4205590301270852,0.5875080483620191,0.9174836327799184,0.24787364186860678,0.38694617364794137,0.8539199405742457,1.1827238005413774,0.6932411184516594,1.4664784459627183,1.3627156011148904,1.131080461436112,0.2911179924965404,0.9429469590940945,0.25055470600666874,1.2554422959195581,1.1144312126428082,1.1855642641713988,1.5143250958286272,0.7363332015057482,1.3018465217919812,1.5033922444095025,1.175196760022566,0.9146942670209544,0.5743076591665621,0.6265483292578168,0.28701584121564466,1.046941165118797,0.6892974693158699,1.4225536083241168,1.087854300679721,0.6304642049889215,1.5247042400461357,1.4204928609033314,1.6579598360764172,0.741649742427838,1.5937576892860967,0.8258894301764433,0.7289959380436191,0.7748627054165645,0.9757418169071032,1.1273504935595116,0.3411444648635049,0.8091300097778131,1.3618324850087156,1.2515009298073883,0.25728687347991613,0.4996992752980578,1.5277519282946315,1.2480074689993592,0.2423038681838892,0.8001194376572792,0.6583568053472899,1.3231203019734543,0.9913170253692211,1.1858995935847356,0.32245062079988074,0.8753783474406467,0.8100046660761162,0.6480995662320556,1.593095227270674,0.7382397915475318,0.9552400995158703,1.2769986738038033,1.4166175330145525,1.012473424300011,0.5734475596183976,0.9067453739755615,0.676251928730945,0.43519237508637537,0.3125591828459273,0.645947780647705,0.4635645464708034,1.1613759397297287
0.9749960114392847,0.21517190503772185,0.5354402285165586,0.7934819425741668,0.6155274505099082,0.3886267047914579,0.6178728262589795,1.1696151087518147,0.23516093579344616,0.8661734132907749,1.349478552873701,0.7040102472411515,1.3146182695702613,0.6557194899977817,0.5963672136076756,0.9679222430112351,0.8439070688141154,1.3891330290602166,1.0315654480021492,0.06935998810203929,0.676348267721407,0.6817276593706952,0.7162459757686636,1.3573434561651894,1.1465083072540887,1.343831300659631,0.5893553719794747,0.4133335200189846,0.9503886034264267,0.6462546496132903,0.7907153052985629,0.6493963093531916,0.36097891604126164,0.8140410502280435,1.44567462089769,0.5305026789076251,0.24343352873924284,1.0269432863793468,0.4979318709940428,1.3104273387601035,1.1195960885049463,0.7220928948175236,0.32681559066825927,0.32370818967231596,0.05771810392685855,0.2723573918251314,0.0,0.6413762313729425,0.484034181568882,0.5040350132870527,0.3691285082872448,0.9538571682685858,1.3502145684021951,1.0882241183019354,0.8897909034565008,0.858719587658692,0.5778340651349179,0.8901443280216738,1.0090158342054383,1.265902493874221,0.9260637797547555,0.6418355746505227,0.9531411673282115,1.2015228028185256,1.0083983238789433,1.0086649120759068,0.33364879132658204,0.8577459782727288,1.2937813247951455,0.9815873614962398,0.9954705220082158,1.0542535960623576,0.8845425553163534,0.33919186969770937,0.8731048793783748,1.1630379645998457,0.6480844932571617,1.249609511153667,0.6528940911564661,0.5034078950031211,1.274284599167032,0.9757421958719337,0.6519186555611047,1.4118847196011082,0.44327757244283483,1.1774546155649792,0.8660438038485611,0.6376874329742002,0.6510406705100494,0.4650892923875277,0.3709170991050853,0.8508033610533514,0.7941303562493786,0.862285137442882,0.1450152787039371,1.1268020728723984,1.3616757257760237,1.162158979025682,1.2265140192972326,0.19169317606736377,0.757250971878104,0.4525147940049784,0.25972461354032894,1.0199631294100961,0.06058064708207857,0.8830199545761783,0.5422519473194435,0.9898828822545177,0.28022328864263335,0.22566680651781,0.8515405136136243,0.9403594512887522,0.28277223278807484,0.7994157732227013,0.7115642398214517,1.0982201811386658,0.5844450124084903,0.6491408022790297,0.6665172200987131,0.3552640268539539,0.949591507227021,1.1306759694953576,1.1766588644788345,1.2809825238827737,0.5659966947635178,1.111016565405954,1.1218499771326964,0.9450422937757064,1.1834427534949081,0.3674873650219697,1.0873486180344059,0.32551126021852744,0.6396957675569257,0.8795850408631855,0.9429767078824624,0.8783136994162472,1.389923119103023,1.1206982400274967,0.9067155895650868,0.2991443539180873,0.7690960139018501,0.4629982764454632,0.9938096489401116,0.9679100552552878,0.9135031600852108,1.2683543121358043,0.4655187964780333,1.1376959721789868,1.2325836337981206,0.9065914424023133,0.717818246064456,0.4365336995023283,0.3703578958736655,0.5028130531318307,0.7900293242721699,0.6482273723003565,1.1782372190928048,0.821191976873533,0.825630136762512,1.2571911729082426,1.266680903901312,1.3921315150729217,0.7625749178865922,1.3314960775775857,0.5647170758992045,0.7307734384688214,0.5079166732056725,1.1998261373305001,0.9041936633326747,0.6049020882061104,0.9433536531010969,1.2792901051470935,0.9915920656510466,0.4958054815501838,0.6420861674990195,1.2554561112816676,0.9879925875125118,0.36572486844802665,0.6704030740439398,0.8325341700024462,1.2175788587360816,0.7232194008521787,0.9144024243249137,0.05425314767040552,1.0754012286909835,0.6321489543192398,0.7887076666507672,1.3586160591235112,0.6362442165084841,1.1752118937071214,1.0379200512292435,1.145661336766683,0.7648955784309844,0.32095031642294763,0.9816118151723896,0.9104891328536062,0.24144887512811308,0.5342261917213389,0.5708128259010983,0.2502997434341969,0.9993740030535551
0.46255650920327507,0.6800064136439974,1.1698203612420608,1.0308787458237796,0.07801525669519434,1.028555617132704,0.47916738216953386,0.9120527454315324,0.8673375864866364,0.4576660246299553,0.8083529392426118,0.9591145047270202,0.684068076300382,0.8041820495000468,0.4202268653119984,1.1735196028235038,0.57567632287495,0.7645818284763247,1.1881892530201035,0.6306741445584393,0.6571387650666621,0.09836705318446591,0.5875184275821131,0.9579649375037668,1.0065963452974949,0.7039889273157848,0.48777756643411585,0.9201462133052678,0.40337364743821,0.10407773104435064,0.5842079791583232,0.9298977658087201,0.9141485894894874,1.2032811255917528,0.8534117529807892,1.0300302093846492,0.8037487231740941,0.591295483832685,0.9643335517746988,0.9975211344924043,0.556679004870433,0.49040071754188425,0.9609393468575251,0.43081635465588614,0.5959332591576657,0.8747801284458074,0.6413762313729425,0.0,0.47843206031947183,1.0648981938698752,0.28379076359665395,0.3518123198412552,0.7563794040667075,0.9095602586589112,0.25672782716756715,0.7059715208190647,0.3721332211894418,0.39975609878002727,0.5457997397673896,0.6375530613336546,0.5664170304891549,0.9239078864910597,0.46452973108767665,0.6550690238869364,0.4616656096546896,1.3525308509104532,0.967396010469594,0.4123453611621662,0.6624160262726054,1.3767163294977676,0.9095801887321323,1.2551000512314696,0.9031923522272517,0.4506053232071582,0.3133949700264321,0.5266211774943904,0.3270304882854495,0.8280322818444082,0.5456454139712662,0.5227183144777178,0.6491795542081665,0.4785700017517885,0.39529811287220434,0.7730815845569827,1.0639970284455793,0.5476096439501222,0.29468063694660007,0.28095728097997347,0.010441853001369428,0.590821631530803,0.3304295893769525,0.730450071572617,1.1859463790511693,0.22119571040096922,0.7553835412635739,0.7370529383132469,0.8813151515023169,0.5444855787138083,0.6218921269948653,0.5595061686376598,0.6929125619452773,0.5317251372429782,0.7038180871266165,0.6134286522874498,0.6541053669730609,0.705728235700837,0.9021285727301245,1.2121492041858033,0.4725867904724666,0.856106810178901,1.067386674627291,0.48263987941905623,0.41877522152176766,1.131514491608503,1.1033977388879292,1.342782971704279,0.7861747867492073,0.32980203977671807,0.6046489878031824,0.373007894661758,0.8226145672705383,0.4949984259247524,0.5482402495410701,0.7042343828528902,0.7925834185615976,0.5226101863943585,0.6145115040559161,0.39991626764982,0.5458964893170232,0.7053125491785217,1.333746039394936,0.962792873574401,1.1436327342937824,0.8681787065650537,0.3085024461357561,1.1977386611651712,1.0109937553056547,0.48878925441605064,0.2671509136960301,0.6696713869484605,0.28554230856264884,1.099993481534158,0.43702044283035885,0.4939842175332198,0.5212966462937045,0.6422722865086425,0.3263028005351496,0.5891638605143156,0.7497884527064205,0.6709002323796573,0.1818500400878419,0.3955839238647318,0.5761645986180298,1.1398267233740709,0.23201352845591272,0.6085463434848484,0.5497178043270537,0.3436394473757895,1.1769451736248524,0.7272710885272615,0.7270197022810299,0.8405503535979804,0.790696224215674,0.7588023967455573,0.577969814761657,0.734147221071008,0.5090768618625726,1.56153590404979,0.26552370646672596,1.1405025273501201,1.1426580130769173,0.9025730011090305,0.4237831518858388,1.125145874376092,0.9522166471897598,0.8221672226673907,0.42116354717775695,1.0063248773513482,0.39074965342097445,1.1405327840353563,0.7957369919862576,0.5676844660029908,0.4987301461331703,0.588445129781057,1.392654119773483,0.23462431071590156,1.043938509597208,0.719410411291873,0.4600227512630539,1.5287340921999095,0.40233339408039237,0.675022618170673,0.15923420844541955,0.3251502424623368,1.0444231181800756,1.3320611732053087,0.7277826002524289,1.0057074349754043,0.5163365738415103,0.41122242752084365,0.47727454510752504
0.9385995791170693,0.35862160223491407,0.8815232078289509,0.552852134618407,0.40532923219909245,0.7783891041405944,0.8014840243849503,0.6867093016112846,0.6164150923632329,0.9069512558172121,1.2854411557682588,0.4809540885355353,0.9957272098371432,0.32848185338600616,0.13691898408992517,0.7010154115797534,0.9787509524180609,1.051844563732091,0.7257859540833134,0.5276933341441865,0.22604843645738706,0.4403715116836681,0.23435996175954746,0.8805187548223365,0.6841797067145713,1.1028577260166876,0.10610271312441845,0.5310585582147515,0.5750636971834229,0.5586823013067171,0.9593919955510476,0.45427054829571983,0.5598178335584794,0.7354626319691394,1.3153490170818998,0.6181086280409931,0.48771286444461676,0.57635564610394,0.543753469555182,0.826400000979181,0.7315092385043813,0.865612644029475,0.697343371614107,0.5587725829682705,0.4276057023020558,0.577094119872713,0.484034181568882,0.47843206031947183,0.0,0.6902905504018284,0.42119877820587587,0.8235675062337109,1.2195594432160464,0.6142925896890712,0.7104184342860217,0.3806619620704506,0.15055892209051885,0.4889210379054898,1.0152285852612253,0.9453181444946402,0.45961736956951676,0.44868788743808025,0.9366736469126741,1.1326634694072397,0.9400974377302476,0.8754176358259097,0.7857227191271724,0.8706905469605869,0.9784951745252259,0.9055731806475137,0.5442087506024851,0.7850859298377247,0.4761703713352353,0.1506191397179407,0.7916521795661072,0.9505111772406271,0.24331076426223275,0.780640064841986,0.17001966981485678,0.7593596209116464,1.0891616955060057,0.9526736131568824,0.7661527473924615,1.1159027190570112,0.7570536536424806,0.8680236609270372,0.7731090755059112,0.6801919369437743,0.4878259948721964,0.7775532317071142,0.2179346529216573,0.3794822224019457,0.7193135151024498,0.6534215648449042,0.6284727560424529,0.6549388642872795,1.3584131153277974,0.9976882636368075,1.0824340993960002,0.2960905849630878,0.2962686388774802,0.7321121876593202,0.3521045248726181,0.5594533562543395,0.4489730277034289,0.4021847602452504,0.445977773116593,0.738049962308078,0.5591989613553178,0.6040116272723253,0.591427875315321,0.948427481482889,0.5038612217709798,0.6563207412564673,0.6404631553472931,0.8678692756510443,0.3082140922264942,0.24251482609507508,0.9067856427323521,0.5314157376650559,0.48230759569118353,0.923121541941892,0.9880552508091384,1.1754700811291048,0.3165355825196569,0.7475512029995671,0.6957230376403007,0.8781304959122888,0.9647974153873241,0.7789889103458683,0.8585212961476498,0.7700532533715808,0.7218253425544807,0.4541305980838407,0.7545265746468037,0.7203697042048549,0.9094965009531781,0.9259331895333484,0.6642654060488387,0.2908334366616875,0.40218563070412716,0.8276117467455,0.9153127890703817,0.5424175152279107,0.9693864716476452,1.0811419518721246,0.5911119516489146,0.7364206867343818,1.2261363815044057,1.0678979952634202,0.41543290968916535,0.09687904962349839,0.7059040114089893,0.8634840552814387,0.7084621694723163,0.1838650105385641,0.9892932142369785,0.8070789904828274,0.7031928109077024,1.2055407482412932,0.8481547466943817,1.3159323425895173,0.3499552947688319,1.2303560768980621,0.8317048620571542,0.29982965044405147,0.7534368448874365,1.0842712540549448,0.6579073971935093,0.7382090868594717,0.670439482166511,0.8003440323266906,0.9014343312930293,0.8279464964586142,0.4798347007227483,1.2918396012938005,0.898936100019618,0.7913899099052719,0.22816392530404994,0.6630395609721484,0.7499363419271842,0.914993046182739,0.9531856793689419,0.45929148690913846,0.9142547183788682,0.29464990124831536,0.5655260980664636,1.121247889192273,0.16168674045625242,1.051127664251816,0.8375652010405951,1.148802244969104,0.6371819559357529,0.39784049705580365,0.6063855614936065,0.8676041171947259,0.7021125251371861,0.5818467866453255,0.08902860746592799,0.293625463810605,0.5974468523893312
1.4585016253033145,0.38499124498441256,0.2794211273618795,0.5659393367732837,1.014666636615155,0.30557957638572203,1.1218536905627934,1.237682439892998,0.30679420175065486,1.3625999083183076,1.8326470058787825,0.5033884639725016,1.677526290740426,0.593117929659961,0.8262010322296525,0.70877064391238,1.3479256429276278,1.738300279178544,0.7992495016338818,0.5625714695705639,0.7446843116200209,1.0715424184426259,0.8430713328522107,1.5009528010267634,1.1304016345293473,1.757042457312553,0.7754179321048196,0.15951344163989803,1.2638018374276445,1.0999748319726705,1.2942780741264486,0.4550041956371446,0.15232922195502552,0.41935054391459126,1.9100079020547875,0.12611853340215518,0.27115613498836244,1.2513267890029083,0.18594826708563406,1.394559263972381,1.421799783655523,1.2259618133038563,0.26814409106870424,0.826549915517442,0.5171944317946396,0.23573399497883704,0.5040350132870527,1.0648981938698752,0.6902905504018284,0.0,0.8357091824270462,1.4078666140073113,1.813069144844359,1.1157122684611718,1.3215291145981087,0.9383469774634591,0.8384685160616953,1.1791878530580095,1.5022918954309856,1.6270439226721227,1.12434600944129,0.45084153790556414,1.4407562501540807,1.681256692592865,1.484306237531069,0.6141200775132987,0.4364627085271744,1.3491530984149591,1.6591313815214057,0.5480154790188106,0.97731642262857,0.7771265325189372,0.8200618203551723,0.6290126271910991,1.3409626424141408,1.587718499705267,0.9305112650686505,1.4253201115532086,0.800726200768617,1.004252102585398,1.7140367194989061,1.4623977805657835,1.153205781539769,1.7921576908529937,0.18086763776594822,1.5455115325724778,1.329942810305936,1.127588716179186,1.0753219371904186,0.9563931583665677,0.7373940108669935,0.9097161433968304,0.4025509266470303,1.2792864428127457,0.5135891902379747,1.2996585575848874,1.85762718025251,1.608508369411527,1.6822877908075702,0.5064222016143678,0.8157904502414628,0.951839650184031,0.36320078467279976,1.2261219600140705,0.45707628838633657,0.9712796141510744,0.3380882054172683,0.7093763299230539,0.7842034791542103,0.3085574684221679,0.6213799667060759,1.4326956992674287,0.7813061556610601,0.47017516374434337,0.3504471293240729,0.7734888953300403,0.5226194708896021,0.9300773014634397,1.1647961882253803,0.8526210777839761,0.9776808053898902,1.557037086132393,1.6129063045959646,1.7512346602735238,0.49423130310378033,1.4361595026017502,1.380509898320019,1.4196320674715404,1.6055235495459628,0.8190478364601478,0.7631217684524463,0.41287218407761955,0.16802236491787656,0.8419267517272109,1.3727365136086696,0.5361576728150137,1.5133204488569552,1.5528495033085497,1.3086035067952009,0.40932769456015544,1.0859619451657936,0.2790931754035408,1.4663675137250087,1.22980036003132,1.4128073666207606,1.7070631097467495,0.961902108602613,1.4260630243963066,1.7267186255549474,1.4097908687856133,1.076060709001779,0.7173439415028712,0.8622750728328549,0.2898952227606333,1.2544177617195553,0.7498860370106643,1.6143652938142496,1.3057366239214259,0.46701917659709974,1.7421921636778492,1.5334161440704277,1.8726426376075376,0.7444280581412965,1.8039172629137665,1.0615963101947812,0.7497866202069882,1.009825078827009,0.7673213399113324,1.303931845796034,0.1080582430849201,0.6973181774944586,1.4166608126284812,1.4605130287054309,0.23121343447775355,0.41870267352939705,1.75591595414522,1.457158249141527,0.37711080210081455,0.9179310842921897,0.5166676665994335,1.3983340755081106,1.2260497515728834,1.4114064625861593,0.5510592754266436,0.6924963033897908,0.9619321086698607,0.545013549176909,1.7740212238713062,0.8404236037355804,0.750917777062047,1.4652793047794934,1.640414720606246,1.2117049083104887,0.7854269949455438,0.8457051502298284,0.46525741943770094,0.6653538052164888,0.17492113880897256,0.7376751244588421,0.6602284010018448,1.2875997021596137
0.623096506453657,0.459686961062568,0.9042473043753319,0.935046071946845,0.2804796203064288,0.757464151411301,0.38139164058461944,1.03739191382485,0.6023879044836438,0.5402482370289441,0.9969482992371369,0.8511703242602692,0.9676915873472753,0.7300766677427233,0.4501642981634065,1.098529995007863,0.573619118708266,1.0474224457627714,1.135360199010741,0.3498375952133467,0.6452923858263472,0.3468254738580578,0.6227334610317449,1.151334203582125,1.0805876651066104,0.9780471550594377,0.48958448023968126,0.70755940902112,0.6505692954400369,0.2771304978413286,0.5449849298667319,0.8090377369182802,0.6835616213568152,1.0503550803966317,1.0808873426972694,0.8250784685956036,0.5652321006742731,0.7893909976665485,0.7697265717421022,1.1520259942943427,0.815758686441035,0.4544528570458584,0.6951745003458846,0.17218735126838203,0.33155413837959313,0.6236959517051353,0.3691285082872448,0.28379076359665395,0.42119877820587587,0.8357091824270462,0.0,0.5852642109339962,0.9847165145463702,0.9971832563452918,0.5226277308269602,0.7670633057633416,0.40727478681042767,0.6161552814083279,0.6727594693266754,0.9208543602093557,0.7232990676842735,0.8019389099441476,0.6069002682321537,0.8456602385468484,0.6491482002570322,1.223627439841716,0.6867315380238986,0.5191363990332969,0.946098986085884,1.2261857327330998,0.9531311187965785,1.1853732433815316,0.8972697293041385,0.3085683281851487,0.5084082524924299,0.795694918842068,0.4283787417296011,1.0281952100089393,0.562559900040549,0.34480294978128845,0.9051623403185582,0.6279736849075966,0.3594297858915541,1.0559572573128773,0.8069504344373826,0.8310109649961357,0.4996120293139125,0.30034263611068607,0.2924309954137696,0.3802284231637225,0.20329095973713207,0.7775147007714022,1.0313331980397853,0.5003227462863583,0.47327938798983876,0.918785762978897,1.0290375377541978,0.7931330345245227,0.8587983985167619,0.34019022671926197,0.7082072540794891,0.3269109496845457,0.49449737041218456,0.7977661768100183,0.39299192070699257,0.7791913409020093,0.7461509722236452,1.131432272546006,0.20168863818585395,0.5920532745684727,0.9829248796622879,0.602755787343607,0.14147895522171935,1.000108731324075,0.945622303290722,1.2568227268239656,0.6862287591424371,0.43066146379120457,0.4859469129505877,0.12399694598461494,0.8802114193451407,0.7631638385053027,0.8077462639748473,0.9185969997099765,0.6824214450103497,0.7921931753678759,0.8490790307551522,0.584680488280853,0.816517737481324,0.44636069052939764,1.2467064847796472,0.6834809276178442,0.940467680746609,0.8738019869242026,0.5758518243734441,1.074403439907948,1.1963136725723937,0.7523093118819989,0.5505396300838044,0.4815593432365343,0.48786566569732404,0.8321013328348655,0.6321619004126265,0.7069961054409599,0.596833972542147,0.899252934875256,0.17141842214971317,0.842392554575792,0.896562793990659,0.657535918971884,0.40646587920131133,0.3255419038435277,0.3324744913417694,0.8719282944968821,0.42345775569555044,0.5999508039292075,0.8093311183943604,0.4711137077473336,1.0391976255470348,0.9067200509957192,0.9788551875445046,1.0370567981121828,0.7711288334872206,0.9704218908787848,0.4158686491034879,0.7206422406878332,0.33698391927251964,1.4295780581209636,0.5491741000301746,0.923820297655253,1.0690850755798644,1.0839251285058888,0.6278309780429935,0.8631785479503771,0.8204167549520869,0.9378481609149134,0.6243487809617009,0.7292797224614604,0.47933555123891847,1.0197899893779114,0.9950472407462538,0.4959237640704293,0.5893046299502406,0.3149452737044024,1.276397301732831,0.3666387978177944,0.9411292633270559,0.9922753947632256,0.4996245679049076,1.3997443679123536,0.6706885219884695,0.8115794437739615,0.3959279859045893,0.05040419468750935,1.0268265880192062,1.1689839577134487,0.44712968513099705,0.8110482116157446,0.4978922434053927,0.18788475683650965,0.7145390299406098
0.194629408298472,1.0234324874610405,1.4892724768028445,1.3719218274893996,0.4191129962611005,1.3411679822195732,0.548680776620671,1.1199911361036414,1.1876476413090027,0.3150072231944054,0.46465098654631737,1.3039542694021615,0.5224881253876362,1.1431098970937115,0.7448900319042102,1.50607024725863,0.493515903158983,0.6122210202817852,1.5117226872976837,0.9280246579602974,0.9800061218660724,0.38694107918473997,0.8932477957267227,1.0719063269399316,1.2571567740210006,0.4284946340042707,0.8165467555672972,1.2673109137362149,0.5085351361256623,0.3096578481005934,0.5453055601390717,1.2775219666928592,1.2559489908227268,1.5539274505447762,0.5031332743689133,1.3791575463329488,1.1416440115572266,0.7439511902048287,1.3147404434985297,1.1647791917723602,0.5803328175940903,0.4853342706773771,1.280343042214585,0.6758025213954894,0.9164802302155408,1.2062772043499328,0.9538571682685858,0.3518123198412552,0.8235675062337109,1.4078666140073113,0.5852642109339962,0.0,0.40600497954355114,1.1541850271789826,0.12868871153002476,0.9861252337685101,0.7005353416386583,0.5694401726792835,0.2982079933026252,0.49328388715575766,0.7786294981688635,1.2717687729836435,0.2255050632962914,0.3151644415200381,0.15035742253540976,1.6989282162527253,1.2603102651446543,0.2623942278780944,0.5011787935359419,1.72666285538962,1.1884794478031124,1.5845335867155947,1.212068414416126,0.8020214009422466,0.10636043154439923,0.2462940043103958,0.6325819596730926,0.9433159728790655,0.8637310136047761,0.6606136627877012,0.32460569407079365,0.22174534494425857,0.44298946208345163,0.5565357907081269,1.3916376267007977,0.41883150146014025,0.09867796547274371,0.3655758810687989,0.3415843751863721,0.7479255609500871,0.6803699126700525,1.0180158180410326,1.536793292473437,0.196410152965657,1.0459314344536061,0.8922009359062301,0.563813689731992,0.20967012629333304,0.27471213097858826,0.9015698856793527,1.0012402090729189,0.6957790108211895,1.050282786010734,0.7828143430917863,0.977549498945581,0.977126819231685,1.2536897131946778,1.5462134431499168,0.7257379963988129,1.177311740282616,1.4046349855963474,0.27010255930216254,0.6895556109441716,1.4795298669383288,1.4546672770899471,1.6771935502819362,1.131621316193537,0.6350355315243984,0.6532447192670944,0.6233230187674694,1.0967394508355572,0.21571416605577137,0.23499103945219263,0.35278040673431704,1.1398226265481857,0.513498650724939,0.6936055477637637,0.12252315820933585,0.26948736661112566,0.9112238684655279,1.6686259681356865,1.259884615741892,1.4933665913083038,1.1723910839655167,0.11761579883723411,1.5438380134386,1.1335235883660113,0.19309026391158882,0.23460776079436005,1.0194530386958458,0.5179101064589674,1.4167464525970472,0.12164374777786999,0.6427663258169848,0.3570264469533245,0.31973310482542366,0.5277511924109262,0.6242869891963687,0.4419308471074156,0.5736666180653096,0.4387763648068239,0.7455370119155694,0.7762409657956393,1.456511778521984,0.16819734647852447,0.9328683371741565,0.23664902729952603,0.22045415296243817,1.5257594399215877,0.3920116631824613,0.7413964162720055,0.49274272814622866,1.1105508153369192,0.4075193836615179,0.6831466305786559,1.0538385947225293,0.6450407737125506,1.9076942110482003,0.2428612808387157,1.4875256718118253,1.475148741150616,1.0403547857930513,0.09825915590069466,1.4484382711549155,1.3013583906761241,0.5398274330969836,0.09799168345248922,1.3085974204590638,0.6912466971013492,1.4864778673459857,0.9161706471165604,0.5734543790333388,0.3229694252139308,0.8996046577187808,1.7358958745387376,0.546766326710372,1.386638255425783,0.43801560245401766,0.7761240879978233,1.8743643405585362,0.14894282622120467,0.38670889415041526,0.1965731374000766,0.6346602190996758,1.3545853932947274,1.6833343052724599,0.9811172790385899,1.3562243153696079,0.8498478027869941,0.7479726752393249,0.5824579639388212
0.40101860084569424,1.429011754138312,1.884832705085806,1.7601249561020007,0.8198408573454986,1.7342161546490042,0.858388889801514,1.4014679250831081,1.5851901170695355,0.5577105393871309,0.18567111414187085,1.6966059649753775,0.5522863180539831,1.5308315945144895,1.12838633663877,1.884672414953881,0.7061582816389481,0.6173642117319116,1.8814010801246268,1.318794394819838,1.3566796485284216,0.7791879512672595,1.2598974689331786,1.2750777693077902,1.5678278331826523,0.31526913466232875,1.2008642869498667,1.673281766318201,0.7967786210032534,0.713250503409945,0.779098244291474,1.6735243356037448,1.6609775958262618,1.953810760019436,0.09713168570716152,1.7851183156364219,1.545771783948854,1.0175611696052849,1.7204028596460015,1.4083981337237381,0.7875307408620664,0.7628925744227115,1.6769446478914132,1.0542553576112714,1.316080024958291,1.6081425295697878,1.3502145684021951,0.7563794040667075,1.2195594432160464,1.813069144844359,0.9847165145463702,0.40600497954355114,0.0,1.46416565366422,0.5092142777289963,1.3311059513778922,1.0874672865852055,0.8829581438047243,0.42832801092885076,0.5603903880861838,1.0899274529304366,1.6680840064899958,0.4362822727881496,0.19975355763903022,0.35023907799191967,2.0921241816878746,1.6441507608094488,0.5344384719913499,0.54183456784789,2.1250506971012664,1.5251661460329653,1.9593877687642463,1.5728919253910114,1.2069835758568808,0.4771131600002994,0.3135385061768842,1.0101516318842287,1.1611376993591314,1.239702780308218,0.9908977473901376,0.18016490253861064,0.41289652440934727,0.7657224062263425,0.4858192996680496,1.7913566903960354,0.5454971729968399,0.48511760238713864,0.7274826838631199,0.7460318369694158,1.0792010167890633,1.08603463057069,1.3672629683319117,1.937093952866287,0.5675238335988722,1.4317065625721455,1.1492034430674591,0.3594558444660868,0.2261088564597587,0.1374314771019511,1.3070478299096056,1.36651532401131,1.0360360611571076,1.4562346947463314,1.0634808187218507,1.3776619238982795,1.3160684391566602,1.655985663354646,1.9260704062388787,1.1047627837068572,1.5752896838341182,1.7887153275923884,0.4720733632574119,1.0767314194302677,1.8754453653207628,1.8559871803092498,2.0565871848289663,1.52578284675127,1.0123158266096883,0.9290677249972817,1.0067327389959153,1.432765840790118,0.32712876708547,0.25473829875777515,0.0885690037813809,1.5358948459586304,0.7146447247093871,0.9191019731046736,0.40928741465941426,0.31357776903574647,1.2578282523638789,2.048571667064805,1.645891209125229,1.8992426242169502,1.5301984687350665,0.46600848837046943,1.9370810782685244,1.3390988781816309,0.3116450849990258,0.5701817823690003,1.4252646323861176,0.872638762257877,1.811349340967133,0.3594835398448497,0.9297442286765223,0.5517461103352456,0.1886196897922786,0.9022567224777136,0.8290487510680259,0.3306009173893198,0.7446426417614708,0.8150180736034652,1.1463761605746836,1.128167759788632,1.8508691729314315,0.5612631867005913,1.311586876380946,0.2541575688872605,0.5443090715673519,1.9226893297897585,0.2159257420371795,0.8995378460637882,0.16727757521889716,1.482373852395941,0.08059279180130287,0.9914646734054329,1.4265963255750913,0.9762666251472095,2.3000824445551324,0.577973383667182,1.8934609087178493,1.8539283511176246,1.2678903846303604,0.3590866401769166,1.8460050322424633,1.699271533724424,0.44371064026964563,0.36276054272816133,1.696748793035883,1.0630850285846825,1.8797117128460976,1.1416297195486353,0.8350347796827969,0.5269557353074534,1.296111294006705,2.124999028064476,0.9320782804785936,1.7765376618822633,0.30386935505632995,1.153443652490256,2.2661143079191457,0.392511742505997,0.36644411788968034,0.6025695944568097,1.0348148142038918,1.71394564056562,2.084462545892661,1.350199046259008,1.7618442207360858,1.2367789101072835,1.1528678763405564,0.8519258409427495
1.328808937190622,0.9187074334539016,1.3731472343925513,0.6265799681514169,0.8366750069490171,1.3118376417253554,1.3525016947382087,0.13973157032943875,1.1699343810933982,1.362534424361092,1.59237855967838,0.6424644754142799,1.0182047491481008,0.5227374431803832,0.5472257568022295,0.6242840769134317,1.483868592816999,1.0240124418079644,0.5626282534692091,1.1380430030962685,0.4145674677255979,0.8198720721695034,0.3821504151300925,0.4442495597476132,0.10386652002017373,1.2265816983288564,0.518585322882983,0.9752222330340371,0.6680148258424339,1.0133335416100933,1.4853601011028221,0.6754943067507826,1.040343285199837,0.9026906170992006,1.5454207054565234,0.9993702967914659,1.020436097160303,0.4535003607378642,0.930230805451988,0.29079525136901363,0.7057065223084839,1.3895761877979467,1.2317950586536262,1.156008048073579,1.0342341374594781,1.1059130137596378,1.0882241183019354,0.9095602586589112,0.6142925896890712,1.1157122684611718,0.9971832563452918,1.1541850271789826,1.46416565366422,0.0,1.0259543617030342,0.2342936729702825,0.5902823665073909,0.5885392292924045,1.4267817564707155,0.9793778103064597,0.3776399250982804,0.6774619332297513,1.343806507400343,1.4577649165087834,1.3018246350607054,0.9126180654622963,1.35629851996867,1.31309650561422,1.012463825153671,1.0047964788398462,0.15198264465356318,0.6560406920021746,0.31324958593712376,0.7648048370873965,1.1769051274587916,1.1510163963021083,0.5916336300613791,0.43651133531467096,0.4464893467063887,1.3414266296055042,1.2922176801486702,1.3513534896988997,1.2897425880618496,1.1490271854730485,1.2483131866455266,0.9471987117792254,1.1533138964695417,1.1820730973195683,0.9140383897823285,1.3739327882841408,0.8086028073237916,0.23742309902495204,0.8987215128674567,0.9584839815927618,1.2291038601462978,0.35863822988537497,1.7152461491809887,1.2463240500481894,1.3365269295940994,0.8965311498800206,0.33262840666058485,1.3231684471880059,0.8920537573463949,0.40577505507344713,1.0446524872032588,0.21815878685897414,0.7786073879511718,0.6645723361423054,1.164248205440353,1.1585959695382053,0.6038479906341039,1.3727999386815843,1.1052346189220963,0.7888660510233027,0.865589096528808,0.7651357899054169,0.5959614599534917,0.588892572638108,1.4708468587164991,1.1187892957172882,0.14265787841284586,1.137541247604368,1.2096782960861336,1.455515790891723,0.6244363321758312,0.7704420336012507,0.5823017751556835,1.2547731960259667,1.153367197529891,1.3920269070691975,0.7623142004978439,1.3368847809472006,1.0551289907142816,0.27963023062866593,1.0443394289375383,0.7969525010263616,0.431695819445401,1.155802458408863,0.9241395910426679,0.8284306943105267,0.644705960863191,1.3390648275708408,1.2730249152775743,0.5345270010742841,1.425392378250227,1.283241041809136,1.151383412113507,0.674494467321877,1.5960914660444228,1.5788033964519685,0.7417615022713027,0.6914708157868961,1.3107874265309125,1.3675079742580167,1.1171752669833883,0.44001812983101973,1.210188342948374,1.242864522671052,0.8346692178342057,1.5361602450786718,0.6877354649793255,1.6061201601853128,0.3718941870859434,1.5062814556659263,1.4114505423230255,0.3769759951617981,1.3327606849467175,1.0757366406235584,0.915671120227234,1.107976129897606,0.6033664696276887,0.3682331412049107,1.2513713622895442,1.3182364248447505,0.716434684214586,1.690977835797196,1.2504979691067035,1.3449254946326517,0.5302512012227751,0.7573964734739932,0.4281972802810701,1.4570932175869564,1.3996270811339544,1.069745608081385,0.8976981319966555,0.6798660557527314,0.6542024575451607,1.2462489017391474,0.49779094810416213,1.0404491203202884,1.0860901390314135,1.5376016935675327,1.0302295368412024,0.9881726513072026,0.3804672217763328,1.0200603338238168,1.3149139603273086,0.9492834015686522,0.525306025240922,0.905347261976044,0.6139798339671112
0.3107043168509301,0.936695740553527,1.4222636076952175,1.253942279807656,0.31259958925855186,1.2783424248119284,0.5729879024027382,0.9941617488099698,1.1195278990435749,0.3972574280825822,0.588165055980936,1.188510850855851,0.48559934823323614,1.0246844538866,0.623795651853095,1.3842484652305505,0.5668160019645919,0.5738325050614,1.3874283427666319,0.8721944921670828,0.8569073208113849,0.27009426343718435,0.7674406776878836,0.9592463028242565,1.128801935629841,0.45572212199854256,0.6959897500315847,1.1759041194783941,0.3876537784178442,0.25023312858087043,0.6067224344858313,1.1645316668995962,1.1708692892664125,1.4446677629993223,0.6053037589972399,1.2845577353531088,1.0602496212502521,0.6216627328043848,1.2175927196034162,1.0439072645725296,0.4785120786472992,0.5320618904800061,1.2130220767537898,0.6401153979204477,0.8473288803093109,1.1302206790902534,0.8897909034565008,0.25672782716756715,0.7104184342860217,1.3215291145981087,0.5226277308269602,0.12868871153002476,0.5092142777289963,1.0259543617030342,0.0,0.8578371917207432,0.5809885404803211,0.44291996479395107,0.4135885757819967,0.44707586391630394,0.6510737100707382,1.1590380825101614,0.3342409032451548,0.44150360794484145,0.27629481785292326,1.5840087104634204,1.2086617736145218,0.3417564710198691,0.4633300661918397,1.6158461132718651,1.0599497115247372,1.4616287832818065,1.0857411091234357,0.7031539831435121,0.17423668287800462,0.27325706875582234,0.5088387533696902,0.8291980772664657,0.7401739821518752,0.6655014860641472,0.3925084569250893,0.33605014016513424,0.467791450232117,0.5491529553583616,1.3187138798618463,0.361641279495329,0.15158054835906398,0.3676149091699113,0.24632982941276704,0.7484832716190492,0.5857160347868049,0.8900643575902807,1.4280171149552405,0.06772227878329168,0.994480747514243,0.7711789329791012,0.6924142524171615,0.29019012971035096,0.3723234094374403,0.816222920271198,0.8753767381381193,0.6922220327259223,0.960004419672732,0.6589641250181637,0.9067695618288459,0.8485597861029058,1.1477521572798448,1.424849278274909,0.6878596439192198,1.1085738490505834,1.284768844305257,0.37319738796495394,0.64326760273419,1.3665197542672578,1.347196982079445,1.5557658853369432,1.0171373134450397,0.5112056965034546,0.6894759716805746,0.583877730839817,0.9681482015751043,0.24089489224433122,0.29151896822994644,0.46774798321945,1.0268512680471487,0.41767908642137325,0.5825300229797915,0.23525433413435573,0.29389707910412366,0.8963142448824578,1.5473818767595917,1.2059414231119399,1.3975026784670044,1.0455677698561998,0.05322903181241954,1.4288953402203057,1.019738163047969,0.23249621866798764,0.11483590265770434,0.924119022822713,0.38947983291851346,1.3514218040249335,0.24741704259677294,0.5194698850698135,0.44984627639754193,0.3855563539187911,0.5029038257931424,0.5211211349109093,0.5703945610880301,0.6549232994602994,0.3135787904855621,0.6379218952549695,0.7611063601979153,1.3912974077232676,0.17050039776043815,0.8103483228497247,0.29300040122004173,0.2812760020971578,1.413601259382029,0.5190858512804081,0.6467266968499418,0.6129819569638356,0.9863094894074548,0.5225598523079292,0.7006230254774678,0.9297475895976876,0.6500474663129643,1.7923234506521541,0.12226669535296712,1.3961687714502284,1.3533594346268565,0.9232151410163095,0.2254293193166927,1.3787254203120174,1.1900679058183892,0.6662715204273415,0.2246168671861845,1.251884973300586,0.566051956383227,1.3715065794817467,0.8008402414912849,0.6211132591891834,0.4174100546376679,0.8359951168759724,1.6185924499521462,0.4258874613857429,1.2695763611144144,0.4696942625299491,0.652769431377201,1.7585947563611568,0.14814754105396166,0.512839930182737,0.1336830539657651,0.5691655993781798,1.2281873094368532,1.5755506423585341,0.9470166930067675,1.258755874255509,0.7306163965878475,0.6669991491059496,0.4638653462728765
1.1474855854851356,0.6994551057212537,1.1801525602407188,0.5334536799973558,0.6297762600777436,1.10514357897906,1.129575405719287,0.315225216458917,0.9558183859513649,1.1635058169599681,1.4411175674848002,0.5171850060956544,0.9508706016645533,0.3595398236803923,0.3173225593702078,0.5965081621574782,1.273055431962197,0.9769126148083317,0.5682821523460702,0.9064787824769305,0.1987569104663154,0.6239577931446135,0.14787240868845566,0.5631797039344485,0.31363860802270743,1.1293715759911482,0.28439475236440154,0.7878609169650728,0.5465005124218728,0.8077477222841877,1.269249500050426,0.5334965522614143,0.8447137326316666,0.8012668273172333,1.4188153580213383,0.8315247895051531,0.8100159039658201,0.39220853743456946,0.7576925780267606,0.4661231169907588,0.6366825513405625,1.1732642086492135,1.0239571035638324,0.9232872821024233,0.8038177128682373,0.8980315634266784,0.858719587658692,0.7059715208190647,0.3806619620704506,0.9383469774634591,0.7670633057633416,0.9861252337685101,1.3311059513778922,0.2342936729702825,0.8578371917207432,0.0,0.3627874684801325,0.45235361589506684,1.2409495657412561,0.9056458428002359,0.26860510668583154,0.5331311406108508,1.1579033875391511,1.2984839121303557,1.128293351077391,0.8613967495866719,1.1384097646142628,1.1168933905495944,0.9403935207743589,0.9345669883655138,0.2044025245124919,0.655809056692677,0.25483552296239304,0.5312794007091554,0.9936719664462307,1.0243505779623472,0.3795580093355611,0.49916927995720145,0.21220758175488688,1.111836745818802,1.1691183110561894,1.1679999589660677,1.0726558164583992,1.082931695157073,1.0537132103996423,0.854519709639437,0.9708799300453741,0.9688212667775545,0.7117724572318833,1.141725213851948,0.5753879055999664,0.041498024672769626,0.7926192195283703,0.7904176375152134,1.0011095287412703,0.37999392756089767,1.5497484787687539,1.106686616092606,1.1974884499509688,0.6673359220852769,0.12256067814256594,1.091821954112041,0.6770242079545271,0.34979590291491536,0.8175461171532321,0.033695710390637366,0.6121363861579938,0.6398999160577616,0.9304927198124121,0.9440553987628051,0.5333037237748526,1.1825032128616833,0.8718558063077559,0.6915977651801913,0.7410217563476927,0.7623701225535936,0.4188789802816047,0.3767706345402921,1.2455455292652793,0.8874972810735583,0.11712871243753468,1.0057038856083713,1.077875031092173,1.310593748709269,0.44652360932321544,0.6872705933826497,0.5387170841097173,1.075846632351756,1.0308522959883595,1.1577515715603754,0.7564730537132764,1.1200651636479988,0.9046760423652365,0.20856225474243048,0.884708017890132,0.721939406741746,0.5754806318551918,1.0194784842031628,0.7679140939902939,0.6121278625618592,0.46840479826347364,1.1394545347572844,1.100047009037222,0.43348962733843793,1.2270645235100093,1.1602185461691603,0.9251668917414051,0.6179889808926003,1.4250326220643164,1.3671826710636759,0.5532962717798525,0.4573438064351222,1.0771703536122623,1.1705421755737482,0.9259686936484866,0.21298981242151868,1.0786445057582945,1.047233953949824,0.741622489988707,1.3764691495990768,0.6776214242517558,1.4605113682057476,0.22079113911184906,1.3636629783979608,1.1825367922217507,0.1932865712693859,1.103688526193341,1.0507876646164303,0.7596138107447008,0.947730483363994,0.5684882222024106,0.47882718652732587,1.0801924790387452,1.1249506178408206,0.574343062693756,1.5121440868570735,1.0788154589885675,1.1323053042025146,0.31589327294422015,0.6718523973081774,0.4764659240212817,1.23685497403584,1.2035890610760402,0.8380702448091992,0.8672533302163944,0.47153067640291557,0.5589958762776459,1.1491945694997434,0.2680324897886743,1.0148755121812365,0.9411059426241798,1.3600374755731293,0.8405681526772346,0.75592407908883,0.38835221417695787,0.9306686950976605,1.0823450702119382,0.7834169472513819,0.2916370800470499,0.6710618104009649,0.5158455409876869
0.8334240898706311,0.49080815309814474,1.018720948719663,0.6730395694913327,0.2943860418988559,0.9067664161304315,0.7670939970323963,0.6333723143467436,0.7413565745559793,0.8235388938422942,1.1651158457947046,0.6097567529141624,0.8451736043386542,0.44373567191283286,0.049014348730161146,0.8061049190064176,0.9184955590527367,0.9016099727891015,0.8167835941654255,0.6084031934709961,0.28502028791036166,0.3136645018028186,0.22515275854893954,0.7830750683274709,0.6761078343977367,0.9563721902460605,0.11655582691707429,0.6797024535710271,0.4254617716778596,0.46600662551337274,0.9101939169699208,0.5900938654035476,0.7042138212972476,0.8762306672782594,1.1821321219865148,0.7685803006775497,0.6235537294751509,0.45090192721605876,0.6943072463840496,0.7568618973811444,0.5845919957750986,0.8143501961081518,0.8270378696646647,0.5700329151579093,0.52013486281193,0.7113559172185987,0.5778340651349179,0.3721332211894418,0.15055892209051885,0.8384685160616953,0.40727478681042767,0.7005353416386583,1.0874672865852055,0.5902823665073909,0.5809885404803211,0.3627874684801325,0.0,0.34199822998026835,0.9179154350668864,0.7947697617220669,0.34915779650185474,0.5851963542457062,0.8366118348961562,1.0142216231530998,0.827120861026454,1.0050456874683913,0.8987228856334096,0.7815411287783205,0.8279796008343883,1.0430720524806245,0.5575166707831569,0.8858902292364225,0.532859218404059,0.2445873053304261,0.6817663842486349,0.8090023201354232,0.09277573880024421,0.6721553114983269,0.17517781056097093,0.7511617733365726,0.9498642179521117,0.8502867683482699,0.7135068496645899,0.9656601002328051,0.8961330332899811,0.7178121842557563,0.6612773927528401,0.6138839363753216,0.38011314673624425,0.7859405757499411,0.23055578781759747,0.37797768569949575,0.8608830388506333,0.5200234642659288,0.721994831698861,0.550616520246406,1.2500768068862207,0.8631580273178151,0.9500358110793969,0.4058370289037601,0.32505227336394515,0.7339236121038414,0.4912920672223164,0.4421515821900994,0.5543988250651708,0.3726914107755309,0.5936187697001211,0.84590226876629,0.5836276426320789,0.7288692009630274,0.7041968602814644,0.8542373109324971,0.5225211432140492,0.7908251723947639,0.7843630086601014,0.9768757513209463,0.44091363419817164,0.09205196279766069,0.8827696214127452,0.5298090720147551,0.4783707704331834,0.7827665343411241,0.8496323089802787,1.0486921169787897,0.453928365058939,0.5979263877404759,0.5583396747816883,0.7678574555177319,0.822234217886343,0.8218532507736975,0.9682257886011957,0.8853272355057845,0.8722948998139182,0.4999878598362124,0.6215161376993242,0.8501658821639391,0.8197014073511485,0.7875568145675558,0.5238649046925525,0.43363932213723533,0.25173577837661254,0.9612290669847792,0.8008128772668803,0.4032678918237479,0.8871272984551224,0.9416303361761,0.562445700975806,0.5920343183697794,1.1196937651020886,1.0114564119505012,0.27411782694914455,0.1426654068054995,0.7281052599764912,0.9983049311487752,0.6035158459771903,0.2364823567404422,0.8507965608366477,0.7141573755146295,0.8392215477501932,1.0892944383643566,0.7091746914471838,1.1926707947193431,0.41856922318544504,1.103527881116548,0.8212005762888062,0.36206435594754466,0.7424865339922734,1.2126978686254672,0.5170216393153403,0.8885378368748836,0.7751764988524579,0.7076351327342949,0.7847091938031202,0.966140307476978,0.6192156510742695,1.1942803864502267,0.7825565768823122,0.9122968485643261,0.09271775432621235,0.7928639820011328,0.639957527356117,0.8753138686633178,0.8669917573510887,0.5424237616499552,1.0378149774457734,0.15540402235711592,0.6890907747797088,0.9750055707802577,0.09556596054027615,1.1786622996731715,0.7000238721267468,1.046551256741588,0.5248152052987065,0.4017445911010361,0.6731863188918478,1.009593601308482,0.7704999308181201,0.7323804971124283,0.14962842344702634,0.34586005917601415,0.45196782866659296
0.751893759503878,0.8303587153128414,1.3585933116386701,0.936659972804578,0.3526159460586465,1.2415882345286078,0.8789110849962334,0.5513393147263401,1.07492942932636,0.8102224424941824,1.0043920866318297,0.8925281741037462,0.5240404300608543,0.7178000231578368,0.35401413167052054,1.0334080243803991,0.9561987587869932,0.5697622551730004,1.0160939092883292,0.9070476979472892,0.5233420787156469,0.3019429147136105,0.41159360071782103,0.5582863875294976,0.6922599560566053,0.6798617821371781,0.41322223792357066,1.0199786230636776,0.09761433029398069,0.4968794330280284,0.9749981231145526,0.8866392726437176,1.0462028639345624,1.1752184070049503,0.9686161688192393,1.104136840942037,0.9637845908740531,0.19298423574408943,1.028769189787118,0.6109994601763231,0.24271371901477104,0.8839732287548145,1.1631641528489767,0.7867962114776408,0.8338980610434611,1.0505765916143943,0.8901443280216738,0.39975609878002727,0.4889210379054898,1.1791878530580095,0.6161552814083279,0.5694401726792835,0.8829581438047243,0.5885392292924045,0.44291996479395107,0.45235361589506684,0.34199822998026835,0.0,0.8532182769153004,0.47509500578572633,0.21092237961457896,0.8832291437645752,0.7715787155768583,0.8693275349048943,0.7189408860791505,1.2752300588086647,1.220945862136907,0.756852981799535,0.5097501251060925,1.3309995450861054,0.6423518913582121,1.1002286423906542,0.7025248592301886,0.5774145944176593,0.6048723042029316,0.5732397560618514,0.252702704459597,0.4282932897881604,0.41659613263106293,0.9152637556791656,0.7176054851194525,0.7761671312426593,0.7924840767198097,0.652224408485799,1.2370037654474757,0.4112669765796576,0.5809065189118606,0.6770188947626233,0.3993224253838261,0.9756072406258827,0.5194332909315574,0.49069770356326775,1.1621319298394905,0.3768291038594027,1.0289627882144885,0.34218612865940706,1.1274268685006332,0.6611275131924474,0.7518618864414437,0.7363318031647915,0.5086595891747399,0.9172148336114531,0.8328800138669638,0.22165240610093798,0.877037840311873,0.4346573254324052,0.9152226454974596,1.076395906385088,0.8174842060174368,1.0624969620439315,0.9522847251017452,0.8056969889052517,0.7560507282760768,1.0775792456395559,1.092839357404768,1.2036242142659963,0.7403492049835754,0.2525962231288925,1.0044042566753704,0.7330634972821268,0.5500543888460707,0.5561041671299876,0.6285224955710211,0.8688734177833028,0.7597774662248411,0.26356051783027806,0.23486332188025855,0.6766578632982126,0.5789578968312612,1.062515913577558,1.1967823719895514,1.2097757344016775,1.2036066585833727,0.657650436293361,0.45695158394861396,1.1250546249924402,0.6121138648138922,0.5718553303190712,0.3365950133361855,0.7756370793222114,0.1283285886046345,1.299259042406641,0.690049022585117,0.09444180160600965,0.8701227483659696,0.7086737487531571,0.714641650072652,0.25136531788074473,1.0102558618414725,1.0506966940359692,0.22103097973629757,0.476355671373513,0.9447270111230751,1.3369434714883854,0.5589157950125122,0.4881325419969688,0.6291984248124339,0.6877722075047162,1.127970923895247,0.9477072355261436,0.37654769036559643,1.019521751873895,0.630576363599988,0.920535474007477,0.9744342829599445,0.5794006246000772,0.9025083252089083,1.4756008258790463,0.328147625629057,1.224909563059548,1.0036906084089232,0.5053087706339007,0.6674838177229084,1.306556213533816,0.9215555544780377,1.1089723388650836,0.6669198247002415,1.2413315127356093,0.26252193849810723,1.069726512995651,0.3959835072796132,0.9647104511793444,0.8408694254109073,0.8468724740522765,1.2935896792272057,0.260378341878839,0.958092716155632,0.699600909373018,0.3489656264823313,1.440126480455909,0.4985135955540745,0.9556086744488332,0.4735313592801361,0.6363790789079506,0.8400263068697311,1.3095361683033215,1.0476893662321825,1.065238457622919,0.45347787102222903,0.6415305183600757,0.11089658835178072
0.10377090589940806,1.13212222390953,1.5300019201556874,1.5667712712662463,0.6236874146276414,1.3755947382941065,0.44628181482529006,1.4040223334297568,1.2411166351656218,0.14645302400732915,0.35449149050580964,1.4903370372352105,0.7853722344498374,1.3436280389516189,0.9660113787691387,1.7154338971282892,0.27804524288675686,0.8724168415090545,1.7332129020754634,0.9649391585667665,1.2028877656414219,0.6177061240349141,1.131007639593989,1.3695090433458157,1.5280660350410642,0.6246609745561746,1.0332960295629958,1.379728413804806,0.8012061457526208,0.4566595102290126,0.3507897163623648,1.4556964483510086,1.3512924122896697,1.7145227951626774,0.5044143630387755,1.4976640300352722,1.2312232988299543,1.035084116178923,1.4422653819955666,1.4574696991929008,0.8783815995643126,0.3426074535452499,1.3282699174683552,0.6901682534868747,0.9864669528510849,1.2794014748961924,1.0090158342054383,0.5457997397673896,1.0152285852612253,1.5022918954309856,0.6727594693266754,0.2982079933026252,0.42832801092885076,1.4267817564707155,0.4135885757819967,1.2409495657412561,0.9179154350668864,0.8532182769153004,0.0,0.7653948045511548,1.0574542459950118,1.4491621106399226,0.08314067213898702,0.23191688089403334,0.15806167332587828,1.8777777134923022,1.269820403460628,0.15367133788042298,0.7660177429197939,1.89026234151311,1.4453309953233568,1.7982591504111964,1.4483187906800181,0.9543174150051642,0.2499631035879224,0.4805614055913756,0.8678718850888107,1.2404200800198686,1.0912169215773342,0.583811382000549,0.4728476870743638,0.0775536746955977,0.36889402067456145,0.7858499644902106,1.4504596695152974,0.7017057212499317,0.2736956957260295,0.37485704381517815,0.5380113520517229,0.6695835388088283,0.8304007961629669,1.2687870828953765,1.6960264538906198,0.47718384228993443,1.0649676860871746,1.1847542160027147,0.35631722439097624,0.3800072184287785,0.36906622815988926,1.0129268581612525,1.2374508668161448,0.6335895016679531,1.1672370559289855,1.0716622450972482,1.0478312610140215,1.2364736371708756,1.4092591976603694,1.7530723090363791,0.7388139610430007,1.2327709598301693,1.6066518060899646,0.07000450552370455,0.7262521590589364,1.654263033882043,1.610958372938284,1.8830775481671027,1.3181038817996087,0.8705750575516454,0.5033179788058925,0.653751810535224,1.3556355678078091,0.46052586995601,0.43487257141457775,0.34039236895535446,1.320940289719877,0.8108349236434753,0.9913564705427095,0.17866675246527614,0.5005938349761572,0.8531004182603419,1.873748110227309,1.2750530056122749,1.6130030294264661,1.41237890063468,0.4152143443336418,1.7246796659259378,1.4308210122858922,0.43088409525998445,0.5272809636868602,1.1514566538124236,0.7821859970882317,1.45517264435589,0.18240523834585537,0.9326427945032915,0.12406968819293249,0.47372069557246954,0.5434981549197487,0.9224064745709255,0.224444794523157,0.32604839372475664,0.6885596702852751,0.924752072723337,0.7310864456541737,1.4935159931180253,0.3160670129476526,1.1542589492244908,0.4361582910429548,0.208932593666114,1.6967814831421593,0.2612923522415051,1.037619087036596,0.4024797812038442,1.3364846274372812,0.37412810891755766,0.573520756266513,1.279946793611338,0.5703815409936777,2.0861655687316074,0.5351147806542845,1.594186014437824,1.684698465610528,1.3360899989524953,0.20694838672609187,1.49727547885795,1.4732486817964046,0.2768784493741797,0.2055911687116919,1.328813506649819,0.9307316716292727,1.6682192194942371,1.21278131435859,0.40847075511206826,0.1040549883591208,0.9572385862261484,1.9236180650336834,0.7759755004614033,1.577712240090186,0.6258199923377011,1.0050604060560453,2.054690674624734,0.4311286871392979,0.1388208614569629,0.4004153074412461,0.7217092896675213,1.5898895001769007,1.8370803918867784,0.9627519455441836,1.4836571522101265,1.0607099819199217,0.8591909676552024,0.8769867808783972
0.6702253349092495,1.2572858354733267,1.7768556853836344,1.4104970508207515,0.6507553813947531,1.645125495343073,1.01951937823051,0.8907313595000901,1.4794009266615908,0.8080257670223421,0.7330268040879424,1.3676206940345332,0.05049909942542947,1.1928902176505274,0.8175254949105217,1.4993753523046065,0.9867873630242869,0.12824384644420114,1.4737406549678225,1.2632135590696654,0.9981164684286876,0.5842074807633605,0.8855025925446639,0.7223649101110748,1.0790361332109624,0.2624650012901888,0.8825290286207746,1.4701369829000919,0.37868352193755,0.6775146912333245,1.0373984820068318,1.3611841521332415,1.4855948961603211,1.6499857822744075,0.6169991608843052,1.562981505574854,1.3899838208993656,0.5292864808777538,1.4890012485640935,0.8702608761113535,0.2745463181043241,0.9714800015284344,1.571925642925845,1.0639063411930667,1.2153834658056808,1.4712233272243158,1.265902493874221,0.6375530613336546,0.9453181444946402,1.6270439226721227,0.9208543602093557,0.49328388715575766,0.5603903880861838,0.9793778103064597,0.44707586391630394,0.9056458428002359,0.7947697617220669,0.47509500578572633,0.7653948045511548,0.0,0.6381264575471749,1.3576243051761374,0.7078887394289424,0.6513131250566991,0.6079922743463684,1.7486737168588513,1.5976036309961763,0.7556711774556544,0.03488923463506297,1.8060148317238813,1.072693958993677,1.5613719094205787,1.1604537663136159,1.0021102771568782,0.5926476985856713,0.292255615982665,0.7020855877261447,0.6176373810544731,0.8913912746188051,1.1112151378402388,0.38264771088824673,0.6974275813394378,0.9138292733786922,0.17798462121245337,1.661781665236415,0.09001452267360738,0.5762821640306144,0.8144966315577907,0.6294486668849311,1.1925995674229402,0.9110571429926995,0.9464530857446237,1.636682000448693,0.43583269354353743,1.3886855084022907,0.6320542873083776,0.8965609649901515,0.40795315509682456,0.4728608151603851,1.1479599360760797,0.9784852205296828,1.1353479760527512,1.268487147918328,0.5770778766167337,1.2687610776364604,0.881602028903444,1.3841669734612074,1.5426793408734203,1.1080727512408985,1.467444873418998,1.4237792081373852,0.7552667589468548,1.0559815370491583,1.552663744294484,1.5662187201861328,1.6673397524977562,1.2140776480043174,0.7029793043377137,1.1338798968131438,1.0060981830152165,0.9848410403576887,0.30647889377183657,0.35085206769629723,0.5919669519678601,1.2325889360030227,0.21846697326775633,0.3985993846000417,0.6094294399860973,0.27706590844614487,1.3316450197879264,1.6611298669321417,1.5910579356443106,1.6669939731292958,1.1142016795463836,0.4061174118210938,1.5994391670069041,0.7860096948009981,0.33633851518600705,0.3753323853919354,1.2178435323864032,0.5432623656850281,1.7112797586611308,0.5865563871555202,0.472230677932391,0.846358899652099,0.3750264223609905,0.9389320367777372,0.3052931629448223,0.8185701697062426,1.0654368515342763,0.556529108837755,0.9097989356726632,1.1979257683778972,1.7505312626106984,0.6157868898773157,0.9631968371546706,0.35016801093210237,0.7092165836449871,1.6030642849072736,0.7175373987916541,0.34338834549649,0.7258664345973667,1.1007834788859783,0.6275390903298967,1.147690229852609,1.0515933512693947,1.0958592673592171,1.947122447165308,0.37506704064117335,1.6824669971521964,1.4703718092989955,0.7254313015475485,0.5633267212951351,1.7280424827416703,1.3955401833442682,0.9370148084639999,0.5655778245012006,1.6311034618785463,0.7292224386887929,1.5443881892884481,0.603065897448439,1.0605991320378627,0.8121689070402665,1.215161956469367,1.7643423708512425,0.6655975025394104,1.4323887145787042,0.280550852581304,0.8201097344995839,1.9114692077201823,0.34450144312141145,0.8032565140252853,0.5741782128484845,0.9597570618848595,1.2912560434717473,1.7843416485470547,1.3649790670965023,1.5271480464713256,0.9229162673237622,1.020423458260086,0.3905021487638507
0.957528127843153,0.8181089665080001,1.3368054005852488,0.7918727460306476,0.5024637693730556,1.2378805848868064,1.036698132005079,0.348932651597227,1.0759206256313374,1.0043257890304993,1.2149299023642663,0.7632958226285174,0.6827567430620914,0.5928375505153918,0.33120826876943826,0.8648920975375602,1.1396058161371918,0.7085742439973568,0.8358196291514257,0.9575431132332997,0.39935132060123724,0.4699757168358081,0.28761876862041214,0.4348391537025156,0.48140111021765125,0.8685666690950974,0.3578723497458142,0.9661610801847227,0.29340792646303804,0.6696416844980578,1.1506240478139065,0.7691983646142695,1.0077313534043273,1.0502284041134222,1.1734657239288275,1.0322168085440488,0.945641552881172,0.13175273309374508,0.956114237435646,0.434476306551331,0.3680793976094424,1.0566530114853432,1.156709350976827,0.8944634192573803,0.8683490681908594,1.0353731301448892,0.9260637797547555,0.5664170304891549,0.45961736956951676,1.12434600944129,0.7232990676842735,0.7786294981688635,1.0899274529304366,0.3776399250982804,0.6510737100707382,0.26860510668583154,0.34915779650185474,0.21092237961457896,1.0574542459950118,0.6381264575471749,0.0,0.7673046088871862,0.9750217593661284,1.080237193058222,0.927364174731032,1.1253537093519013,1.2418456589839442,0.9525855698635695,0.6727634170113932,1.1931362939897119,0.44059907907196383,0.9241304692313,0.5232145924676253,0.5888633209572348,0.8077565121853828,0.7779473690753568,0.2966619098401877,0.3236656481566494,0.32362731323139526,1.0518852791498963,0.920943036963176,0.9810241073835774,0.960264186780729,0.8149594870085104,1.211051223493634,0.5908784927107805,0.7838979279979181,0.8470273179735408,0.5687659572452104,1.1007886358568344,0.5747889895327755,0.3098803490031209,1.0396108862130833,0.5840815153108013,1.0706082440956823,0.20157767603744334,1.338134428556953,0.8700453751168932,0.9605421127239268,0.7482971358964188,0.3570137156012016,1.0447386138441621,0.8091102846840904,0.10184922773968355,0.8996482323326969,0.24350823510111883,0.8239716200333718,0.9082851648826415,0.9158184799388933,1.0634993215705881,0.7973718905122553,1.006795386960173,0.8534832241879912,0.9446099283172986,0.9795287204123372,1.030941984046499,0.6342242917463758,0.2946366311276983,1.160430654045954,0.8467790595073097,0.3499257159074064,0.7628172329399739,0.8351891700742322,1.0786576577910871,0.6584335233062273,0.4201982883573486,0.275900490411354,0.8827382208885318,0.7818279734541383,1.1593423229998727,1.0250743745564477,1.2271780122980258,1.119875162390153,0.4767516447293106,0.6673796649231396,0.9817939084336518,0.4748756535518132,0.7800040586239254,0.547054016378816,0.745677720181526,0.2836871680015736,1.285489204885258,0.898489832854821,0.16764647608166122,1.0658732714497023,0.9119680540871897,0.852109818686981,0.35027627228378894,1.2201469104617613,1.2348227328156482,0.3869981004010305,0.48953815892889535,1.054993162228607,1.320601576199232,0.754521443556423,0.3800243682612695,0.8357754505614685,0.882589320946167,0.9952129929942849,1.1586210841692712,0.42302864275579594,1.2293120726715985,0.47631852242584605,1.1298578353680988,1.1168716949323472,0.434118636996879,1.040770166011811,1.317846181708064,0.5385913111848609,1.1526214434214175,0.8366289483136327,0.36224125979993743,0.8763393562325571,1.2825084764749706,0.8079622450185033,1.3172592440691122,0.875627141735051,1.2503886465431129,0.257917898215033,0.9294284448165805,0.2919562184782025,1.1320637711848929,1.0381450710233937,0.8915435254424467,1.1343538539751241,0.36164471101932294,0.8160476790670791,0.8884076331280479,0.2979424033368211,1.2819747280416949,0.7087487002775358,1.1638030430884083,0.6676157803861236,0.7301895789591847,0.6532040500192487,1.1825767081975447,1.1177461136501166,0.9879798361035418,0.39132723690259946,0.6938019096426588,0.25058641896138595
1.3787974658000144,0.42672584296052846,0.7243535157940052,0.15204630746809666,0.8528493955808375,0.7002264197469708,1.1712456878020427,0.8071730071868247,0.5997256128913662,1.3303804148915908,1.7322188972563346,0.06398860301209669,1.4069738958625277,0.17537004327161115,0.5503644039603435,0.3262604912966436,1.3751874009090819,1.4512890904513491,0.39580918126474024,0.7102735464963498,0.3687193971657131,0.8889504081090285,0.4827513690586778,1.089494320304233,0.6827224204534451,1.538647609732168,0.48002745599695945,0.3369021117021308,0.9789565774500543,0.9965708253085713,1.3421215297730518,0.007599199426433226,0.4167519162424612,0.29295303347408813,1.7637091973841375,0.3278705106387426,0.454300471949061,0.8990488358452783,0.2671168616428515,0.9641604824516276,1.113218304701386,1.2547003113535724,0.6296326923637846,0.883309846508352,0.6111408502493499,0.5162158149160923,0.6418355746505227,0.9239078864910597,0.44868788743808025,0.45084153790556414,0.8019389099441476,1.2717687729836435,1.6680840064899958,0.6774619332297513,1.1590380825101614,0.5331311406108508,0.5851963542457062,0.8832291437645752,1.4491621106399226,1.3576243051761374,0.7673046088871862,0.0,1.3734565735747342,1.5789754231900037,1.384607606124899,0.4292596424320019,0.787219132818439,1.2998429995644194,1.3920578428376795,0.4579651683684597,0.5328011400879251,0.41242132004697996,0.3720460412385466,0.49778556303783694,1.235516186318541,1.3941983276217491,0.6714174602761304,1.032295048264583,0.4667257060272537,1.0923850835917845,1.5347603885334478,1.3909309836564303,1.1612949512296282,1.533629361826939,0.6073718576320541,1.2882560602570239,1.2179715079973494,1.0937900048464808,0.9336283118873774,1.0798544842906121,0.6197395154567423,0.4973905906712379,0.27910418302752726,1.101342000815043,0.7432362139277806,0.9121826870364108,1.798446221561836,1.4455948613859038,1.5308740777750325,0.49817946407481867,0.41707408601064,1.0508002276278963,0.38214707098713324,0.8640788300517857,0.5818099430982395,0.5667632790898358,0.12206738550862771,0.34860491955542705,0.8610837427895778,0.5917543886039468,0.2112241463337685,1.3806097677184934,0.825666561096313,0.2077637594076577,0.21233192009526006,0.463346459323295,0.14490810613813396,0.6697810315725728,1.254946770539159,0.8797870109767697,0.5462942178490816,1.3678488867527612,1.434199897645445,1.6239853127900306,0.13218983142577262,1.1460193547530366,1.0415870656238502,1.3216324149983898,1.4073483861435354,1.0087950547236282,0.4527226521067026,0.7639877471942198,0.3781584078529013,0.3985710640085633,1.2026565405260947,0.2755180908522558,1.0932422249206344,1.3720734161353332,1.1088321526238047,0.3510263998393865,0.8274125015771326,0.7057892836260671,1.3606191973220705,0.9064859736753803,1.3905625697582276,1.5265806107002355,0.9688114114504691,1.1060684016353877,1.665416160526893,1.4568514710348943,0.8589815575870116,0.5287442096643433,0.9899261257606718,0.7269499806778633,1.1505928004172332,0.3965319757812834,1.4353924733677543,1.2402644821144635,0.2546399252458463,1.6507279867073459,1.1903306582762345,1.763643330488129,0.317037068663934,1.6788577834571614,1.162710709240455,0.34087803482976614,1.0914472935494286,0.6381966702791518,1.1020849988411907,0.43104987967602826,0.30262078755221333,1.0056684899748851,1.3476899469771855,0.6717546417923655,0.041234326471487275,1.723642743449182,1.3450692491332565,0.7528323612543036,0.6320504937473878,0.21923771661032965,1.0093636547062002,1.286331330569063,1.378379446013989,0.6572877603756284,0.4756428869691075,0.7388679352422322,0.1474904394213449,1.5575782513342058,0.5391802671309465,0.6060145673357866,1.2841190171923837,1.585461975808233,1.0831360607761606,0.7615961525712641,0.3990386035833365,0.42726280820042006,0.8785804516121247,0.2774666579141046,0.44058922544237816,0.6206748356157052,0.9791418866142506
0.041085467032708635,1.0664639241096805,1.479914441548988,1.488948691467415,0.5422374782459526,1.3263603702658444,0.42211864392869863,1.3219913701592017,1.1870232492380093,0.12402905315556252,0.39711147899357463,1.413489197379222,0.7316298370772888,1.2648049646008452,0.884521590480763,1.6360498085871724,0.2942414786309465,0.8201603111258653,1.6525727306003621,0.9126829231330953,1.1216319782512505,0.5348737903909251,1.0486187197492434,1.29259233355788,1.4450169182312136,0.5907312901230909,0.9522904402154666,1.314388230279557,0.7216899891672963,0.37813531111478155,0.35939585602301904,1.3798950060449529,1.2890764820066136,1.6417492897772172,0.5217060596332718,1.4315624115242809,1.1696376928633487,0.9547402166427159,1.3744031737979034,1.3773368021523549,0.8047555162895248,0.32859691646015343,1.2757970054254488,0.63971118326537,0.9273438433781369,1.2213343676031654,0.9531411673282115,0.46452973108767665,0.9366736469126741,1.4407562501540807,0.6069002682321537,0.2255050632962914,0.4362822727881496,1.343806507400343,0.3342409032451548,1.1579033875391511,0.8366118348961562,0.7715787155768583,0.08314067213898702,0.7078887394289424,0.9750217593661284,1.3734565735747342,0.0,0.25519385449494064,0.10748012260709976,1.8024799663497968,1.2259559899213641,0.10014308511103806,0.7114119923249691,1.8172661745544594,1.3622751746544213,1.7184615109346006,1.3662569938806712,0.8805953995730239,0.16727283289181494,0.4320046529421053,0.7853212129234945,1.1629479048188491,1.0094556866390614,0.5555262262848132,0.4478173819445573,0.023827954427272452,0.33187571147177425,0.7438896636005983,1.3960936835127613,0.6392088699532146,0.19112612838605322,0.3154551015330935,0.45650943880461564,0.6435033165672718,0.7562377411921936,1.1858679329940371,1.6234367492269595,0.39644504356317317,1.0175899951518907,1.1047337038348548,0.42606843286306956,0.34353685017051144,0.3524039767575399,0.9461347094963724,1.1552446355655772,0.6020493011159346,1.1002642422218285,0.9906948753730758,0.9890843107409585,1.1533492149376348,1.3366758261165825,1.6740053865858888,0.6894429975108112,1.1782056556503138,1.5280061852177522,0.04788868824182609,0.671335770394071,1.5792734097004746,1.538685356408551,1.8042305147429678,1.2409339986955805,0.7880160444275308,0.4978273715059066,0.5989883619813987,1.2725288990282198,0.40834448761820974,0.39399197820820264,0.3525884906830761,1.2444738129022959,0.7387259941278256,0.9149286305044804,0.10301040786706193,0.45352541641709976,0.8237110464135996,1.7949840671384405,1.2298555845067665,1.546984005380718,1.3300514544450985,0.3401843391606969,1.6489180705947013,1.3534675101879532,0.3796224116769293,0.44870876679557903,1.0818334090982786,0.6991613201099635,1.4053422485090998,0.12266809721187165,0.8520745469947473,0.14113603856829215,0.4471481953797891,0.4895048392961076,0.8484763033861583,0.2927612919958169,0.3613019573028788,0.6054255908591926,0.8473120075950534,0.6964580571051265,1.4441489515833486,0.23370510624472504,1.0730623158111465,0.3954403868973748,0.13611826056289594,1.6223960700301991,0.3042395096707157,0.9668702563565807,0.4415632233698113,1.2551235901156985,0.39509162120765023,0.5554225365267699,1.1985144685400315,0.541127335321412,2.011129420867613,0.45635428511785797,1.530539088066723,1.605266529694482,1.2574541638409509,0.14481475278888942,1.4452596840516738,1.3983646560340106,0.3576880470441544,0.14240190010106632,1.2826765030874883,0.8480610325898896,1.5922583828911374,1.1348616238489138,0.4061948540358323,0.10786317439275417,0.9004325729239374,1.847123363462502,0.6935718311354844,1.5003824392145768,0.5943641721851742,0.9230778536108002,1.9793566597561736,0.36675894653105906,0.21225584629355757,0.31744360212289735,0.6566320665227049,1.5079759968938509,1.7655822711866074,0.923743523835573,1.4159227068388318,0.9802864459458934,0.791314206790309,0.7981060559490444
0.22742399941401328,1.301700133334408,1.731599079787773,1.683612947313309,0.7274242779793962,1.5786753172910248,0.6726326073864817,1.413028518714339,1.436308929802133,0.36944455679623994,0.15376671498690267,1.6136164127401467,0.6577600622233637,1.4554045439913799,1.0592016798123962,1.8202456432761114,0.5082205458358942,0.7365469963086755,1.8268128995415538,1.1638900289380845,1.2948833535701108,0.7006520156866028,1.2083026517093483,1.3283051237027794,1.5613813190536119,0.4520753565170907,1.1305340991831898,1.54907278147165,0.7964848516904398,0.5902575042104004,0.5819903589849129,1.5849658085334162,1.5290160379168447,1.8567664815730291,0.2725424012416333,1.6643738146376847,1.4108885258888992,1.0299428358308946,1.6037625468377008,1.4418532665075392,0.8290473875193038,0.5723973468825947,1.526159932177889,0.8926629329719558,1.1726211843891243,1.4667850733817536,1.2015228028185256,0.6550690238869364,1.1326634694072397,1.681256692592865,0.8456602385468484,0.3151644415200381,0.19975355763903022,1.4577649165087834,0.44150360794484145,1.2984839121303557,1.0142216231530998,0.8693275349048943,0.23191688089403334,0.6513131250566991,1.080237193058222,1.5789754231900037,0.25519385449494064,0.0,0.19791663469786336,2.007527413084408,1.48042941520308,0.35529959191712096,0.642143073097279,2.0308888635439892,1.4996132497050267,1.899197540571873,1.5269740349156116,1.097846210127211,0.34602637811842873,0.36218088630841855,0.9476967641981827,1.2055804211633347,1.1787559358973594,0.8082832955530421,0.29244075195942115,0.23142261109050433,0.586451792428142,0.6247459542996681,1.644788999048417,0.6098143100487072,0.3617559367944224,0.565779681172623,0.6453787367044443,0.8955298470357934,0.9737718822846516,1.3312453067045744,1.839126693156332,0.5084037946730587,1.2710998980752803,1.1727087177406,0.2606761259843569,0.245040893949254,0.185199160302599,1.1800153188885447,1.316290424810785,0.8559829791186799,1.3328152456654654,1.072418151672215,1.2345235352094868,1.2881553130096872,1.5537693520388691,1.8601229999167708,0.9427202863976368,1.4271227679747698,1.717677829427642,0.28336676720482273,0.9215914149636478,1.7865598203883843,1.7557403642407456,1.9910943000486583,1.440796108491301,0.950159375779834,0.7351442101791372,0.8497248750450194,1.4074732791677975,0.3570363559516397,0.3008672666586155,0.11124519651989083,1.4476128374484991,0.7561627322322275,0.9553595440612306,0.26274221925711094,0.3747846621615078,1.0772566905043768,1.982420710768594,1.4839499392281985,1.7795856548654878,1.4870136160579426,0.41476418236923857,1.8526628195137504,1.3918230284773865,0.3297353333929834,0.534165743095214,1.3086840976286296,0.8301783808454652,1.6572487386154362,0.21925128877380495,0.9329945331612415,0.3559865364016732,0.2967133368342169,0.7413711431748932,0.8731022821668633,0.16743612424736773,0.5448938401660667,0.7538567549418012,1.0504781358283295,0.9512120423396464,1.6962804723299398,0.4330011860936618,1.247578918737617,0.3014500532655012,0.3807032414191747,1.8318230483625835,0.07840746245635058,0.9673188980791957,0.19139657144790492,1.4256602938429728,0.14255550484149143,0.8028887696228257,1.3689303862206985,0.7942108960667759,2.2165159296540957,0.5426251103548076,1.767515036777251,1.7893175532009484,1.3086315743332666,0.23130420213224462,1.6957224996459261,1.6070513354449911,0.28664175613428683,0.2339061910349976,1.536415837560472,1.0063833552589418,1.7954134416863274,1.1818957134566364,0.6403722951176731,0.3338094838414685,1.1481631558246568,2.0466818177709545,0.8612860845125244,1.6975703174213994,0.44757943479193524,1.0911324283101234,2.1836085086716275,0.37763118864718187,0.173695716482849,0.49585050116651375,0.8960177568738107,1.6694657909674617,1.984139062959943,1.178935420576161,1.645397182209663,1.1630932884233316,1.0243931657997607,0.8634883294402185
0.06647925116518348,1.1040668702403478,1.5408420706791317,1.4923856531075608,0.5361001494465144,1.3889191860241261,0.5156282116373785,1.2698905104425506,1.2435113611371482,0.22833741403756672,0.35132501713561004,1.420701550887157,0.62927756830605,1.2651378618868554,0.8733635618693001,1.6326846290414647,0.4016696922424394,0.7170642728701767,1.6430178418496981,0.973415746170272,1.1104158451354607,0.5155389236902812,1.0290660959250155,1.2198212627080782,1.4044567715864258,0.4832688418002934,0.9436764340241919,1.3513158996755676,0.6588649323137593,0.39268405035190346,0.46589983901143067,1.3907147528619512,1.3320114966839753,1.660525835046952,0.4418631256763708,1.466494088173512,1.21426996890377,0.8943058723133505,1.405857481161564,1.3149773317045643,0.7251605834930417,0.42901390074916335,1.3341936715498075,0.7056689279454922,0.9777262488179744,1.2716144379537802,1.0083983238789433,0.4616656096546896,0.9400974377302476,1.484306237531069,0.6491482002570322,0.15035742253540976,0.35023907799191967,1.3018246350607054,0.27629481785292326,1.128293351077391,0.827120861026454,0.7189408860791505,0.15806167332587828,0.6079922743463684,0.927364174731032,1.384607606124899,0.10748012260709976,0.19791663469786336,0.0,1.8136112838397507,1.2954579902364844,0.19182498254898533,0.6095568100936246,1.8349962989119286,1.331664027297289,1.7129964203745622,1.3482447863258107,0.9007097611694241,0.1492284077742421,0.32668273232846035,0.7660525382689033,1.0918894903651954,0.9954530109647087,0.6443259943618809,0.3420287057522531,0.09154212564806466,0.41841472199238017,0.6371416162273251,1.4513254366082653,0.5436470554191536,0.1669947386778668,0.37811303335906016,0.4523102298859325,0.732995833372774,0.77645967719439,1.1588893716557083,1.6427546964895317,0.3434391631972195,1.0839275417785763,1.042457664056581,0.42392421267080455,0.23610746801332652,0.25113078232146147,0.9823039802943072,1.1368494223186059,0.6877867147870436,1.134967702238288,0.9331144665768849,1.0396125692786604,1.1207477217926518,1.3570122194332845,1.6719260499125461,0.7561078383147289,1.2340500173724918,1.5280962444497967,0.15472147240434053,0.730845339771629,1.591935938537114,1.5590937792471593,1.8027708870137087,1.2477392058545769,0.768625191380023,0.5997304600484369,0.6598247096105571,1.2404284091022701,0.30462177791678474,0.2867034831809715,0.2738825371585711,1.2536960015667453,0.6563226203857883,0.8415328585223196,0.06485187904953163,0.34772259416438506,0.9093140843077269,1.7938888099199422,1.2977879150809284,1.5816910709072862,1.309830575955188,0.26728477577644927,1.6589830887828456,1.281808223023705,0.27533688918500754,0.3849344481262178,1.1108212996837872,0.6616845042089382,1.466845827328016,0.02889223993732002,0.7930952283996081,0.24805440110721058,0.3409529388502792,0.5536076134602853,0.7694157845947497,0.2967615626945772,0.4675640515060243,0.5764128196324245,0.855863437119737,0.7785973447276401,1.5061359013352362,0.23559235909715479,1.0624872119658741,0.28813657036439266,0.19408322455742985,1.6367282070682567,0.2662576350680111,0.8817618310206424,0.38878730113745996,1.242603266129361,0.32319870459573236,0.6508768863205607,1.1857779747793071,0.6293852641001391,2.0226268377474788,0.39316550245670684,1.569936637084007,1.6017704361429772,1.189789330491572,0.05242831565737365,1.503676299315735,1.4119609608952983,0.390038282399893,0.052378024546071544,1.3492797033908839,0.8267745435330108,1.6018454487300435,1.0651620054280022,0.5099045816895622,0.21520553160691952,0.954692353248928,1.8543084643209968,0.6769466334982754,1.5055936789595554,0.4870436217665706,0.9079692430336361,1.9900030173030876,0.2735747663306539,0.236678016883526,0.3033843989208033,0.6995487212738891,1.4907018315777716,1.787338158277551,0.9999853143288009,1.4474920688786859,0.9747397563422234,0.8266941573007066,0.7325102851565896
1.8080455394382269,0.805423824916389,0.8685985539367863,0.33869298467421427,1.2806182911611252,0.9196677755498912,1.5833408278519638,1.052237143901303,0.8879742101904761,1.7571431607901913,2.1605764872573947,0.39553080882589997,1.7964801198425944,0.5643161535374204,0.9659879945264574,0.2898625034011231,1.794042180519828,1.8312797305619344,0.3688799957797697,1.0776593955554503,0.7528654923872515,1.3141564542726325,0.8636474899131541,1.3567271204758382,0.8689113622443905,1.9469077798909724,0.893756198845781,0.6101601270726963,1.372762653304239,1.4258097350827064,1.7565533186348385,0.42300727672322935,0.6852797545924969,0.2001165569992467,2.18707559142398,0.513572206563989,0.777770262007101,1.2528951699331765,0.5180834952477612,1.1959792150459922,1.48953525869283,1.672165207680555,0.8753892726841572,1.2880013557429522,0.9919494493339452,0.8014656411519435,1.0086649120759068,1.3525308509104532,0.8754176358259097,0.6141200775132987,1.223627439841716,1.6989282162527253,2.0921241816878746,0.9126180654622963,1.5840087104634204,0.8613967495866719,1.0050456874683913,1.2752300588086647,1.8777777134923022,1.7486737168588513,1.1253537093519013,0.4292596424320019,1.8024799663497968,2.007527413084408,1.8136112838397507,0.0,1.0461913282602917,1.7278298519384383,1.7835220766126498,0.11402398316936989,0.763760367337476,0.28731093460224455,0.6197291875629879,0.9244346212030421,1.6645847056739789,1.8110750053027822,1.0864067600870835,1.3331441170694107,0.865524131356974,1.4930983284611035,1.9535033009174976,1.8200772632433502,1.5815138983898325,1.926503622592128,0.7932954766598902,1.6861678020761561,1.6468662906944822,1.519246070996579,1.362167111948488,1.4690980025042415,1.0476043698397903,0.8201247955195136,0.21935914599828144,1.5246189987862047,1.0757879906206382,1.2280271702243817,2.2276450698317283,1.8681840743824971,1.9547183529146765,0.9014634768931846,0.7716237610411457,1.4474324411087895,0.7610617846788755,1.2111737998262877,0.948798402488532,0.8915043405216032,0.48083970765467776,0.2530660825228038,1.2595015520872637,0.8848346555416252,0.32819852809268546,1.8090113930102651,1.2319232471589647,0.22387123190874364,0.29757868200590465,0.2118040607915055,0.5673127320867593,1.0844927782826304,1.6576902202268888,1.2916522230417535,0.8220832328924614,1.7860093422123302,1.8539462895927121,2.050452355276111,0.5599576060872301,1.53186856076346,1.3994064962375095,1.7507643395555836,1.822940959541717,1.3701798222928376,0.20557718589310164,1.0221579306274355,0.4495554074786435,0.6648069446421891,1.626129042355881,0.15512972047770213,1.342449028861916,1.7919827094563106,1.5279186141287222,0.7509661358982513,1.2369268168142253,0.8875802722461208,1.7894501802643,1.2817603353014657,1.816636374746054,1.9451323870417299,1.3866544314544178,1.4752353862410161,2.0945799945912587,1.8724833164999708,1.2788146149908128,0.9578158782916009,1.3756204581128364,0.8900361639419506,1.579802008166382,0.7921847498415441,1.8550734747263706,1.668959341265173,0.18584231897795167,2.0796399414445776,1.538706971842746,2.191348758813961,0.6499444871112515,2.105351863997178,1.5607911205987883,0.6972334548162493,1.4940109571653857,0.20901669827197422,1.520819884297866,0.5214768724022414,0.30925616347187845,1.2789283189726115,1.7762237779575063,0.8315799154960509,0.4047851715774893,2.1516502162225004,1.773647877156045,0.9903146801312379,1.0401584893428537,0.2125186300323031,1.317166732414159,1.6973241228959906,1.805424954517973,1.036988962125249,0.07978783589677847,1.160271562244167,0.3185135390849084,1.966235070659601,0.9469227655236039,0.17691334156387212,1.70483813554114,2.0143796799042426,1.511699522819018,1.1807531049044089,0.533763455014486,0.18203753064234887,1.225096704211126,0.48914418434304185,0.8564409202906598,1.038312422704057,1.3604598049556902
1.2534477138146025,0.4389612980453424,0.2856439062554141,0.931725761323409,0.9468494464540969,0.1445094126456932,0.836934380613147,1.4536234639649255,0.19068747987969414,1.1234066640304698,1.6214584179621985,0.8502982162208365,1.645957224306853,0.8660681044430439,0.91076580977452,1.0964121058101302,1.0588606758313541,1.7215754621880628,1.1776234299246109,0.3370059026413233,0.9433597054494486,1.0135380653453971,1.0059736544342261,1.666184315041523,1.3993766420405092,1.664364115199602,0.8913812718230827,0.460125916261829,1.283437418189138,0.960075384961228,0.9927299133707495,0.7937967035271561,0.3775297613528445,0.8476692406204046,1.7372266024066818,0.5343477526577611,0.34287272757347625,1.3496154374002542,0.549413043446099,1.6019485725912541,1.4525420860280487,0.9470448197371732,0.17087557094421843,0.5899184063869286,0.38798373737886555,0.27100883867870923,0.33364879132658204,0.967396010469594,0.7857227191271724,0.4364627085271744,0.6867315380238986,1.2603102651446543,1.6441507608094488,1.35629851996867,1.2086617736145218,1.1384097646142628,0.8987228856334096,1.220945862136907,1.269820403460628,1.5976036309961763,1.2418456589839442,0.787219132818439,1.2259559899213641,1.48042941520308,1.2954579902364844,1.0461913282602917,0.0,1.126530893411023,1.6249106317434667,0.9844004894763602,1.2432873385037488,1.1746510700490758,1.1084930783660878,0.6544245950265004,1.1710252381790747,1.4811151011028614,0.9749267115888265,1.5649026049117252,0.946368435874395,0.7012074969669543,1.5843630150929433,1.2495273120349466,0.9010163821296867,1.7402699313193362,0.272831138821091,1.5087293730272595,1.1673636527920466,0.9173626172722601,0.976662716599783,0.6292473942230202,0.7031323782210167,1.122901565081241,0.8294693265357121,1.1865912544513657,0.2145846531691498,1.4399200956744436,1.6090984680659794,1.469977349909127,1.5274643454049543,0.49374083808995994,1.0250958852572214,0.6473350235830857,0.4643572451980537,1.3389665356822762,0.3448973401424794,1.1664760722518244,0.6664386208843922,1.1063305230760518,0.5394259171778436,0.20069782939653555,0.9915904702343872,1.2049204237363371,0.5707646235836589,0.8778092026507811,0.7642509188558684,1.188990337338295,0.7878479611470218,0.9757601177858501,0.8405770945903039,0.6384469015260931,1.2139127983476423,1.448451951619791,1.4896039953984657,1.569167764200304,0.7623534746432553,1.4446560606211027,1.4507825155537635,1.2349063979727448,1.5022909736101107,0.4553287926511446,1.1782404057918086,0.024168170180340804,0.6044761164176984,1.1149314255797809,1.261818579510668,0.951492576310373,1.6938566177006968,1.436187781004447,1.2343001902778432,0.5279250179123236,1.1015408479306377,0.21622609348645314,1.2846761953138455,1.2960452083082372,1.1604357034766268,1.5790364464463589,0.7419715918656089,1.4697876825322203,1.4867198124389744,1.0999405265769542,1.051420877871681,0.7560612709492595,0.5475964963749755,0.2460961913341857,1.0928488280944808,0.9257636308580579,1.4912207266523672,1.1023268049133066,0.885664899746633,1.5278971138268558,1.597341010685946,1.6671559906059101,1.0002503196386827,1.616789248278567,0.7395355720339367,0.981878104397492,0.7117583757786952,1.2037173753668036,1.2322571943872247,0.5404312230262346,1.0785386680265552,1.5856133419994636,1.2859590075125242,0.2764194231534062,0.7701132972935161,1.4897465305427846,1.2822107646229546,0.07121425240415656,0.9912583197068146,0.9210244174073301,1.5336362170629505,0.9204279071390792,1.168573483593307,0.38268683814144144,1.1231444822752952,0.9645623051382421,0.9176844876841739,1.67829155804713,0.9455863408665848,1.1873240221925636,1.3564110122898716,1.4000050001936941,1.079352464978914,0.6424679375469909,1.1764463322857142,0.9017072003925144,0.3134496199702098,0.5668285547457675,0.8657946167184135,0.5837343277466074,1.3308141035808345
0.13348931215959756,0.9784513311487458,1.3821727922257052,1.4201800221338163,0.49003520956085267,1.2282971174449762,0.32486174399071627,1.3014545765212484,1.0908275084639985,0.05550755051034481,0.49535056246131354,1.3423693425163317,0.7844275008716979,1.199066881718575,0.8302491012563518,1.5716964605288277,0.23122318509018652,0.8740522433383874,1.5927863731305487,0.8155567858179267,1.0654181856091887,0.49425900352917146,0.999732221468302,1.2953721941945762,1.4124574145037785,0.6663218239189509,0.8953165015524351,1.2260625836183106,0.7186710174405231,0.31569820196589504,0.2848137661153414,1.306478005636036,1.1979850571416564,1.5626692439976844,0.6212017779136385,1.34399495507105,1.0780303395384532,0.9458486298836354,1.288736658676134,1.3674997024299038,0.8202560731921075,0.2378405452395689,1.1789109614194364,0.5416799043916586,0.8338911704100256,1.1273010902151046,0.8577459782727288,0.4123453611621662,0.8706905469605869,1.3491530984149591,0.5191363990332969,0.2623942278780944,0.5344384719913499,1.31309650561422,0.3417564710198691,1.1168933905495944,0.7815411287783205,0.756852981799535,0.15367133788042298,0.7556711774556544,0.9525855698635695,1.2998429995644194,0.10014308511103806,0.35529959191712096,0.19182498254898533,1.7278298519384383,1.126530893411023,0.0,0.7632696026866737,1.7385002777394043,1.3209687135390737,1.6554319793933623,1.314182629804417,0.8035916226465222,0.16908497347133838,0.496269108851014,0.7390522830536236,1.164433819104456,0.956303919169886,0.4564898112242638,0.5319799001647554,0.12396025154604855,0.23199336679687774,0.8103928045589258,1.30008723368171,0.6800576030228366,0.1904636002216186,0.22156619793045407,0.4057993106382391,0.5447632357382763,0.6802562678166082,1.1423532749901297,1.544069553784027,0.39436466940865883,0.9188778796894692,1.0965071759092186,0.5099878347021297,0.4217883340585737,0.44291026780595144,0.8593205309152954,1.1046271345317753,0.502353930219985,1.0136302581741141,0.9783540050189014,0.8954076884351084,1.115055385389418,1.2573952574161253,1.60862113043141,0.5911016576441016,1.0822327686240028,1.4614737735915067,0.08371233349703637,0.5752423152750098,1.5041099779904432,1.4588472117453786,1.738096034476919,1.1707375222993575,0.7418120718078931,0.40891055795639547,0.5027365551450982,1.2330297072698275,0.4690413449544421,0.46703571093176116,0.451887089589201,1.1726168706002869,0.7588186142928677,0.9213633507487977,0.154685534037785,0.5188991282656144,0.7241135159370552,1.7286103116894962,1.1306931536050249,1.45933214394779,1.2799683120360412,0.362499576674349,1.5752680524157598,1.3545724054720512,0.44233313804037117,0.45481117334194915,0.9983750809093556,0.6708093501282719,1.307495484237436,0.19582136116928275,0.8428252035430225,0.11338597209747504,0.5303055999195925,0.39270650579994515,0.8627417372372483,0.37792164070349066,0.31449723631097115,0.5713864270187261,0.7784314996399732,0.5963924890746822,1.3461576548586274,0.19828316179951436,1.016671406544882,0.46859399218486886,0.07024595538678717,1.546079039637643,0.4019918020805837,0.9880565359230389,0.5406346030723362,1.199167369217535,0.49511786542312364,0.4595390384711345,1.1430383985555908,0.4419242668739896,1.9359062661321385,0.46147733349288556,1.440665855461713,1.541094021811883,1.2543229687322606,0.21124032273625631,1.3482310725469164,1.323088280239363,0.4238312543184449,0.20779110065492484,1.1837391557654275,0.8026659952994669,1.5190533023772124,1.1349214626653716,0.3211522434984238,0.08674154816452641,0.8055279218940707,1.7749598511781697,0.6465791359985622,1.4303558433187982,0.6719320223732413,0.871625927485189,1.9047213546840602,0.4112949260332971,0.2924676553529698,0.2849806088352486,0.5680401687299019,1.4547235658480606,1.6845333277129646,0.8236758735972606,1.33010733946055,0.920676105423974,0.7057793507102347,0.7969039382947855
0.672970287971991,1.2882910882498229,1.8067539999145659,1.4453233852262766,0.6782994434448668,1.6741446342915993,1.0340294726740686,0.9223562637833843,1.5086823563831253,0.8147727400400792,0.7175614660052522,1.4022754444591272,0.022294772652986135,1.2275492915127808,0.8512517636566818,1.53423383842733,0.9939306005109877,0.1115368784989114,1.5084441012222347,1.2899147729443197,1.0328584942642662,0.6121220604394351,0.9203050006129256,0.747976793277156,1.111792614874416,0.23719312971360404,0.9165600783317948,1.5024764036206646,0.4131841348876693,0.6985802506812907,1.0463852698492435,1.395644665157504,1.517174601338901,1.684484003819179,0.5945262718091127,1.5959210877384358,1.420777981149033,0.5631457808516442,1.5220761641040703,0.8988550282782093,0.30838738002985716,0.9828104584895562,1.6013734105882786,1.0866868388767028,1.2437289106783715,1.5015656157537347,1.2937813247951455,0.6624160262726054,0.9784951745252259,1.6591313815214057,0.946098986085884,0.5011787935359419,0.54183456784789,1.012463825153671,0.4633300661918397,0.9403935207743589,0.8279796008343883,0.5097501251060925,0.7660177429197939,0.03488923463506297,0.6727634170113932,1.3920578428376795,0.7114119923249691,0.642143073097279,0.6095568100936246,1.7835220766126498,1.6249106317434667,0.7632696026866737,0.0,1.840717847887164,1.1068306325259518,1.5961435012797642,1.1952114223890877,1.033433181288513,0.6026978844244174,0.2879555034412078,0.7353615061367169,0.6458792856783517,0.9259311587264086,1.1286818968965324,0.36644531570484523,0.6999070524610691,0.9280252186317968,0.1430959558442386,1.6922212456325205,0.11637427374360836,0.5873454406226396,0.8308860850615307,0.654066731161868,1.2109514202018683,0.9409302743116209,0.9812245591677802,1.671132446339098,0.4564923912049793,1.4152934128885737,0.663755942652564,0.8833124090634733,0.40122166367297024,0.46102038410830665,1.178231401657328,1.0133716406832343,1.1540872898399588,1.3000214223067854,0.6108771124211497,1.2975987641358908,0.9162568665763992,1.4179910983883524,1.5775404061313014,1.1314254870375897,1.4967731493626248,1.4586620013559284,0.7590669937485077,1.0801512171868926,1.5873293626715304,1.6004868099696803,1.7021552484314846,1.2484231082810355,0.7362934276493494,1.1468034673559284,1.0289824952628692,1.0191660201439425,0.3055225305657725,0.3435688818574411,0.577853395701049,1.2668216087070343,0.2532895313991964,0.4310000208801981,0.6146782346537292,0.2707393319035237,1.3527183561888463,1.695956994443447,1.6186768358703048,1.7002686358032264,1.1489432714525543,0.4200142942688392,1.6342343981365581,0.8113723650767554,0.33525076615317717,0.39793211949533697,1.2498513096211294,0.5763316036306239,1.7408045335985207,0.5892843455230352,0.5070171760360448,0.8509628874284618,0.35924763996295983,0.9594119376206458,0.338039594003222,0.809579194704706,1.070742193134114,0.5870230466840365,0.9417979724525144,1.2185500981646922,1.7801284542145992,0.6303013550015523,0.9978098237501181,0.34273974897897425,0.7192779050984884,1.6377165501931545,0.7062246602015403,0.36892267982999916,0.7082862739634558,1.1356704097188512,0.6111971529599015,1.1634531751051793,1.0864580572034621,1.113256932659001,1.9820086381933426,0.3982437648728842,1.71526379146184,1.5052398866722865,0.7535787800576622,0.5665985426100946,1.7582023494451422,1.4299056860386476,0.9285828796712056,0.5690357119986776,1.6592254162655802,0.7632188832201872,1.5791555717195724,0.6322590456277684,1.0717479604052853,0.8168399984466703,1.2427236193634819,1.7992312822148313,0.6973636272558368,1.4671880855374775,0.25445734952850846,0.8543047800877154,1.9463563658147078,0.35232867790113226,0.7979057599923024,0.5926448553851039,0.9857854914391736,1.3258387402062888,1.8188466332941449,1.3889905392661188,1.5603415275178134,0.9569353338105704,1.049205335935978,0.4253566255005299
1.8253540253014726,0.7888118927867793,0.7861732325047782,0.40158152469163866,1.3075823843179961,0.8516001932086887,1.574310953269842,1.1444832984430433,0.8383716296854551,1.7646864578326025,2.184510872769879,0.43887826968203264,1.8546378257661154,0.6133875710977073,1.0073801573168548,0.3902590426552175,1.7902550375059811,1.8937326978555562,0.4754377321983581,1.049419323142702,0.8080302305655227,1.3458967159550181,0.9214245535493004,1.4474824519011504,0.9674502646232463,1.9946635730214937,0.9362708976717687,0.5715363741624997,1.4279725066403839,1.4438464767086978,1.748634967978896,0.452980146683223,0.6397630195206998,0.1759135699538887,2.2209153538663218,0.46312401302869177,0.7428198387779076,1.3227821588564286,0.48372127894608485,1.2915317987005253,1.5526627113020408,1.6674759464594922,0.8150427301281763,1.2757896259335957,0.9712005540269085,0.7543277009404549,0.9815873614962398,1.3767163294977676,0.9055731806475137,0.5480154790188106,1.2261857327330998,1.72666285538962,2.1250506971012664,1.0047964788398462,1.6158461132718651,0.9345669883655138,1.0430720524806245,1.3309995450861054,1.89026234151311,1.8060148317238813,1.1931362939897119,0.4579651683684597,1.8172661745544594,2.0308888635439892,1.8349962989119286,0.11402398316936989,0.9844004894763602,1.7385002777394043,1.840717847887164,0.0,0.8540057984491981,0.3982507732230639,0.7029892874920052,0.9367255767894177,1.6857787708316962,1.8520508698508635,1.1284886589083694,1.4171227209933868,0.916031226847823,1.476559813047053,1.9927253051325848,1.835827109132705,1.5801466111828595,1.9832022075904259,0.7221170476919262,1.739915337685685,1.6691836957151622,1.525198904119598,1.3866475886582799,1.4461135519442068,1.0612097504788287,0.8939289494966564,0.1948551450241901,1.5588599573552933,1.0347027470844297,1.307952469763977,2.243317575131784,1.9031492077669394,1.987983713131434,0.8940640909677751,0.8364015920069894,1.4287672676897496,0.7461865708722415,1.2828287547387913,0.9231808755659898,0.9659773571059236,0.4811140883690401,0.3575157895521991,1.243681221003825,0.8366970895248431,0.40574667732992825,1.8208219586742866,1.2213299531595987,0.2539246166442506,0.2806286082096503,0.3257418315651062,0.6022430745642124,1.1267773862590182,1.641377037307026,1.2845309949567718,0.905774432643916,1.8257915254253554,1.8921501088988768,2.079327000348085,0.5898460948464037,1.5911661077849808,1.4687562535081802,1.7712721227871506,1.8650480709886637,1.3352513850754362,0.31960018152555536,0.9607206562953315,0.3800140286669291,0.7463847518478407,1.6600613367483736,0.21283061597731098,1.4362166450362965,1.8300210046436651,1.5667890135763212,0.7459219847064841,1.2830763140644845,0.8121716202237247,1.81185896349375,1.3445229308482265,1.8226126895308847,1.9845434754898599,1.3839554221262704,1.5410010955342495,2.110014871750426,1.8651816124048723,1.3169386563399186,0.9813186900125909,1.351645909134522,0.8106960860481377,1.5997899741538204,0.8434033386861164,1.893345158302851,1.6823086809467644,0.20425000768586016,2.1012203776941623,1.6115504673446936,2.2172666814123416,0.7172286983848355,2.1341341424478344,1.542132877778619,0.7599223048497358,1.4786525612128514,0.22142954679757676,1.560027681987995,0.4473001790137122,0.4053636625594123,1.3681100679868416,1.7999538890681093,0.7534330385262159,0.425779167670268,2.16141101109838,1.797205786745104,0.9245513033917063,1.086701148190789,0.26371179678637047,1.3995136425861299,1.6867871067700997,1.8134489811490666,1.01483073160247,0.1832501298397159,1.1968221543557749,0.37708867238674487,2.0137290716737652,0.9933282614378128,0.20292829802961576,1.742023959637469,2.0280685306875457,1.5357624069836469,1.1809944457348835,0.6303321758984398,0.0847313289789956,1.1862915382287833,0.4488807225978975,0.8973840339299819,1.038691029208392,1.421166853112879
1.3516417845939157,0.8112504496288686,1.2406991449031453,0.47489883297887714,0.8329694791843183,1.1886515427236455,1.3233488338474455,0.2909754031262348,1.0542085324993316,1.3672356146223554,1.6406040985968058,0.4942012445653796,1.1149297385299566,0.388438675698762,0.5097789498687846,0.4773371536270581,1.4737771593459665,1.1301584952522188,0.4229707842089587,1.050487073730894,0.3229918226661664,0.8283346859744054,0.3328580242631669,0.5935886764954865,0.15660866059462925,1.308852609733524,0.46355050117327457,0.8424886418674762,0.7320524971277175,1.0107954640071761,1.4675397770528045,0.5302799016544603,0.9115762374603711,0.7508203162749624,1.6108770832397232,0.8582379693914376,0.9026395183789107,0.5442425626626459,0.7913705249728988,0.4425017008150289,0.7985965742619948,1.3716341978718352,1.1100180218401507,1.1013711605124608,0.9443075610442737,0.9851374855118001,0.9954705220082158,0.9095801887321323,0.5442087506024851,0.97731642262857,0.9531311187965785,1.1884794478031124,1.5251661460329653,0.15198264465356318,1.0599497115247372,0.2044025245124919,0.5575166707831569,0.6423518913582121,1.4453309953233568,1.072693958993677,0.44059907907196383,0.5328011400879251,1.3622751746544213,1.4996132497050267,1.331664027297289,0.763760367337476,1.2432873385037488,1.3209687135390737,1.1068306325259518,0.8540057984491981,0.0,0.5161024445592971,0.16304627048429482,0.6903545935844745,1.1978758297010679,1.2153397893364783,0.5826796916452949,0.5736769196890182,0.3906821711175182,1.2970569781478372,1.3593042026260809,1.3722810218319281,1.270823568478616,1.2471087271785641,1.117415816421015,1.0304465932274938,1.1750180910503898,1.1691424129613657,0.9155623301642896,1.320474401257188,0.754639539175974,0.18021361885569281,0.747033075610368,0.9923523879987113,1.1318667690385658,0.4796954070087199,1.7522864312273265,1.3022991768920107,1.3931480482319323,0.8053278174753697,0.24794752612257182,1.2732726196469633,0.7802817251110475,0.49697028115967484,0.947298328120198,0.2114657678368822,0.6392314624595853,0.5186794246977933,1.103364535312009,1.0433830110275348,0.4519939709562914,1.3868825740085318,1.0473909327423916,0.6369968960437463,0.7155795703134193,0.6257061016305446,0.4650526695841742,0.5798992265260268,1.4365581968412395,1.0701553241403339,0.09250172848370018,1.1984448076974346,1.270854618577716,1.5082154090027802,0.4930322547387623,0.8570941659277055,0.6847737373900569,1.2797711823107358,1.2203403922788485,1.3196765619343007,0.6219868134526089,1.2228055545210204,0.9087548241470293,0.1353962522991293,1.0851220901436491,0.6453578058038268,0.5833810031803547,1.2137713418144154,0.96709458508241,0.7190483073543246,0.6705988074662383,1.2107147727429275,1.30331662055352,0.6077432857384673,1.4308425022502522,1.3503486646635203,1.1162545573687759,0.7728392048302222,1.6283126480376784,1.567455117964862,0.7574466323011321,0.632423470235986,1.250107720036027,1.2373676300806293,1.1303645590209053,0.36055412547066495,1.2715381545702162,1.2513947475251486,0.6826925351308893,1.5777776016888998,0.8057831776121794,1.658561400884365,0.24353541581024624,1.5607252538174599,1.3687084852219047,0.2651742926508594,1.289878001396531,0.9325628292934673,0.9587159907252373,0.9638282799186978,0.4549438525888922,0.5151715144946266,1.2831852846173246,1.1862148404028674,0.5706975056409214,1.7162617730922585,1.2818804788374076,1.2265878101344772,0.5189264555883707,0.6054248598255735,0.5609355198926107,1.4325625102903543,1.4076340287717752,0.9831693459296669,0.7524221109581536,0.6749712423576292,0.5025298765372262,1.3286856192664271,0.46199065576858644,0.896973686445893,1.1378251577904006,1.5639994601236547,1.04496177857843,0.9368521576872936,0.23658623725251862,0.8681757373397362,1.2297490135952491,0.8078718053528969,0.45880355471654194,0.8373283113083172,0.6904629548413574
1.7176513824731505,0.8391447898785356,1.05366771621408,0.2612595074209503,1.1784132142678627,1.0684085108532748,1.5635097911182945,0.7932284070661264,0.9945408543575398,1.6920284463117727,2.0489952048159146,0.3508792854644784,1.6066775135859426,0.458008891615426,0.8401205630337225,0.08774251157407169,1.756702702957321,1.631042483978123,0.09345208951613965,1.1226774072911492,0.6047323558292911,1.1987640440688854,0.6999627358095878,1.097819390603985,0.5985655823424368,1.7800903816084577,0.7693368605490057,0.7145886796792982,1.1968329973840912,1.341798645920756,1.7303093928216575,0.40485785862357787,0.7971345478198651,0.3858100546842036,2.0511200705605703,0.655276899488383,0.8574239715987999,1.0433447347474416,0.6259863603772692,0.9285457001156106,1.2920603940785884,1.639448748772786,1.0079747867647832,1.2845636458351146,1.0229072287669847,0.9077120955081573,1.0542535960623576,1.2551000512314696,0.7850859298377247,0.7771265325189372,1.1853732433815316,1.5845335867155947,1.9593877687642463,0.6560406920021746,1.4616287832818065,0.655809056692677,0.8858902292364225,1.1002286423906542,1.7982591504111964,1.5613719094205787,0.9241304692313,0.41242132004697996,1.7184615109346006,1.899197540571873,1.7129964203745622,0.28731093460224455,1.1746510700490758,1.6554319793933623,1.5961435012797642,0.3982507732230639,0.5161024445592971,0.0,0.40097726139441403,0.8769139232120721,1.5671099727110807,1.6623180003125897,0.9527930213794431,1.0891029987214311,0.7214917017168347,1.4944086474707512,1.807130090014709,1.733361712048262,1.5424177143875732,1.7387356881282598,0.9553928357402531,1.5082787798319084,1.5469389963055629,1.4632191706432414,1.2637042895432922,1.4872861783095594,0.9893082767646373,0.6149192992694117,0.39552387334756295,1.3975041222004378,1.1524583101281087,0.9947567996069986,2.1356227331502478,1.73328210769083,1.822805491366466,0.9051558476112248,0.5948283446282973,1.4553141606932194,0.7945493100961051,0.9981708942005254,0.9941898982808729,0.6810226685370542,0.5196728706033618,0.06842787281570048,1.266130034564614,0.9881156597480258,0.20559600882934795,1.732304390665213,1.2264612785744076,0.3072860382068568,0.4273455570758439,0.10960387035480224,0.5003370834958744,0.950435672724208,1.6546055587040822,1.2752889212213756,0.5897525085150581,1.6405232334303792,1.7113391668580704,1.9280655454498647,0.5080161510814258,1.3429393850608526,1.1884677289770496,1.6533963747795934,1.6712688483056248,1.4211616003354455,0.10627617264142189,1.1506844900389295,0.63656902462434,0.44738066521441944,1.4977162130086832,0.25118589632176824,1.0775403864598858,1.6506680328674779,1.3892080180525084,0.7615166397418583,1.0873395758617757,1.0551590544615221,1.686694510080206,1.089145407044658,1.7543864144190398,1.7984041506361177,1.3560703984376814,1.271661346328716,2.0046963186569657,1.842643938087299,1.1483198251876416,0.8792420278140236,1.3989103249514776,1.0669040354690944,1.487101088124822,0.6516654011554633,1.7122854791026534,1.5910034725159714,0.32008248950717477,1.9747807295864799,1.317619217768896,2.074583694222238,0.4770251912691035,1.982547953948929,1.5657834171077134,0.5328720887045981,1.4923222165314176,0.4207414788419793,1.3814195006525245,0.709378321000385,0.11631566647057485,1.0240222822189038,1.6704124483060625,1.008001602166804,0.4153349433453592,2.075130730830042,1.6683071316016858,1.1305904280523205,0.8969819874712608,0.2605000043788838,1.0770008679801493,1.6788368986445192,1.738243508989364,1.0689971239126006,0.24945546540246788,1.0379116737052012,0.2659957312734735,1.7998282098662872,0.8088618578307093,0.38594848776192225,1.5669882618386917,1.9298649534335997,1.410340182675828,1.1500762854134985,0.2797912001175421,0.4475962710119923,1.2903473072100153,0.613925370905727,0.7388513540750064,1.0140655908226421,1.1712158573797224
1.3604449741204216,0.6870503085760252,1.087679584558277,0.3142870113679469,0.8251772292482493,1.0442055336775602,1.2767035601494752,0.44990310218648255,0.9180036495585434,1.3563873113692608,1.673445111717863,0.33135433854022767,1.2057003908472719,0.24267277610147445,0.4840099910159503,0.3442394164272039,1.445696949678845,1.230802531739338,0.3140101606628283,0.9444292245875376,0.25390850424251693,0.8337524746324401,0.31919338396248653,0.7477363736553256,0.31075535159760864,1.381793066730512,0.42173584435008044,0.6908068119533124,0.7982830998758682,0.9988149839938428,1.4312413046167842,0.3691100988615945,0.7632978349589867,0.5907910885730736,1.6626465659725425,0.6991513565972662,0.7657088937490989,0.643974209246751,0.6343417550837219,0.6039484538648847,0.8912337656323165,1.3363990236962766,0.9673471153481388,1.03059318156712,0.8373705936388027,0.8443255127043615,0.8845425553163534,0.9031923522272517,0.4761703713352353,0.8200618203551723,0.8972697293041385,1.212068414416126,1.5728919253910114,0.31324958593712376,1.0857411091234357,0.25483552296239304,0.532859218404059,0.7025248592301886,1.4483187906800181,1.1604537663136159,0.5232145924676253,0.3720460412385466,1.3662569938806712,1.5269740349156116,1.3482447863258107,0.6197291875629879,1.1084930783660878,1.314182629804417,1.1952114223890877,0.7029892874920052,0.16304627048429482,0.40097726139441403,0.0,0.6085617415130211,1.2071062635583423,1.270350336985265,0.5824667758048625,0.7144204224718901,0.35788079224774283,1.2343624007657525,1.41536044324257,1.378760058090342,1.2359883992359098,1.337767160090622,0.9661242784652708,1.108356379867392,1.1854442991565066,1.1425048136491969,0.9106053307142603,1.2476798180020714,0.6940782492021631,0.21405231501446545,0.5861574675904649,1.019589353226576,1.0143194007005498,0.6084130923865905,1.7720892810815554,1.3471945766548072,1.4375815326634904,0.6999346974630591,0.21144266502046907,1.2049369904406688,0.6517524276627602,0.5996654484394687,0.8320524688330186,0.28050636325005374,0.482544582456812,0.3874792189124387,1.0257015736289214,0.9077965919014561,0.2974193469626164,1.3858296056098613,0.9741099700848499,0.47709131177828434,0.552664402582834,0.5078484293304644,0.32103495957512806,0.5798539573207137,1.3829559842919017,1.0065618221082389,0.20288159206498488,1.2500866298690252,1.321724797828307,1.5471581728295072,0.34749847233419723,0.9420494840290359,0.7898606043624431,1.2919457219695285,1.2780894137378112,1.2266358445065901,0.5021691179947387,1.087070882802926,0.7463658560531587,0.04664118319687267,1.1175429658508362,0.4914738866849888,0.7419111646665345,1.2620660124427299,1.0044878181155925,0.5945800412225222,0.7013478062619584,1.0613806569441222,1.320791057478115,0.6882527205752892,1.4199602363360158,1.40653360077323,1.0665355647196042,0.8715229854296457,1.6440081247389144,1.5369997986192359,0.7733717011630322,0.5718952286619344,1.1704358880903551,1.0863514027803058,1.1325581207816868,0.3017023887549389,1.3225836432730578,1.2463986917916943,0.5240264992758918,1.6040798603393884,0.923440179129698,1.6958049830829822,0.12760874970201597,1.6010248375029346,1.3068398122224083,0.17688157330337848,1.2288872521862337,0.8013143748939795,0.9964173459712788,0.8025343296367906,0.31753557265417914,0.6668320009006321,1.3025867692910185,1.0337097964339008,0.4090413297633312,1.7236927500314574,1.3008412974981378,1.0866281917626825,0.5215198596063589,0.44803062186581066,0.6976662499569316,1.3894768713600998,1.3997916585416599,0.8792693731957318,0.6182184067687481,0.6731287357628204,0.3418332938016493,1.4015827797847165,0.44327828638977534,0.7653925306034444,1.1807871198207818,1.57407116276407,1.050655385915498,0.8733287959045213,0.14253257104636805,0.7114287370602076,1.124008040936214,0.6487032878592024,0.40320468332479215,0.7577396588681127,0.7704601199621745
0.8888331482521871,0.2560623926072704,0.7825825617216909,0.6270121285650136,0.39120933097298194,0.6645245839376938,0.6874052877572283,0.8360805168499679,0.49826235816909686,0.8328732584503303,1.2516053727260916,0.5442898395867224,1.0524472099171525,0.42306329444152996,0.25792951866949376,0.7899919548795302,0.8814456765224947,1.1172281661887353,0.8285403295553844,0.3787069688787009,0.36816610628185964,0.44426460165961007,0.38477722422587524,1.018458254881178,0.8332081218078411,1.1290496834616897,0.25257759631372534,0.47669780098887227,0.6513705640521502,0.5082584232508089,0.8534032205182006,0.5046425053217873,0.48407868921133085,0.7613631542532822,1.3040068645835603,0.5819693060485641,0.38965601481875844,0.6952958816347141,0.5144422629903607,0.9734191586719991,0.8170294023292006,0.7629634292430361,0.5857752405759905,0.42289699353815763,0.2817996041498077,0.47443660515197505,0.33919186969770937,0.4506053232071582,0.1506191397179407,0.6290126271910991,0.3085683281851487,0.8020214009422466,1.2069835758568808,0.7648048370873965,0.7031539831435121,0.5312794007091554,0.2445873053304261,0.5774145944176593,0.9543174150051642,1.0021102771568782,0.5888633209572348,0.49778556303783694,0.8805953995730239,1.097846210127211,0.9007097611694241,0.9244346212030421,0.6544245950265004,0.8035916226465222,1.033433181288513,0.9367255767894177,0.6903545935844745,0.8769139232120721,0.6085617415130211,0.0,0.7518488880190304,0.9630169425104333,0.32562460513471597,0.9124948254756267,0.32027424985352887,0.6294967678251372,1.0939331883024548,0.8991019374573118,0.6670174464136724,1.1643748941065153,0.6630727257479606,0.9187539614586471,0.7365302444219728,0.5960243924181112,0.4609523603407079,0.6391552251547986,0.12456125559765754,0.5293910437372279,0.7432122065673498,0.6556028343462073,0.4842071433404509,0.7887432317399152,1.3066176038242412,0.993137824744694,1.0722432297274522,0.16126318742404372,0.44322733785138346,0.5974175110262308,0.26696539833783367,0.6848489966083069,0.31087069627659686,0.5526023279149676,0.4567279768203523,0.8229025845842803,0.4173027194402048,0.4857928305564474,0.6743805989658161,0.8851965625860071,0.36588459613536195,0.700623971766699,0.6589107934451184,0.9486728548800771,0.37772708547700523,0.3260721968097219,0.783967325239422,0.40363280887781033,0.6317777760774821,0.9331181214175388,0.9922302637784572,1.1535928036255074,0.3747576762534779,0.821115387179426,0.801025653711658,0.8364555122240347,0.9799630412564825,0.6298841262944583,0.9386211858929621,0.6408004754125236,0.6944090415738784,0.5918566438432719,0.7524375929052283,0.7725803736178145,1.0507336945647112,0.9310910931425216,0.6809239829691559,0.22235643823878945,0.46863119440847917,0.7220214277978576,0.878618548563948,0.6457757299839819,0.8928248955216622,1.086548196068494,0.47917991036027335,0.8287628574681569,1.1733210789332145,0.9660876993663654,0.4477322722117867,0.10231823931222708,0.5627732806329172,0.7599371371161572,0.6651175321480395,0.3303916477598556,0.9936211338432063,0.7459131669606291,0.742535204868349,1.1664705762137955,0.9505028064776622,1.2864763189754629,0.4809567952878111,1.2078930694870478,0.7019954033041563,0.43640727950492675,0.62523666660156,1.1323342503068343,0.6759666195083209,0.6957344066611605,0.7606089128712089,0.94013464501289,0.8682723490628474,0.7314411123872321,0.5196499794148063,1.2273418252652801,0.865326703441711,0.6679229567101108,0.3369177598774382,0.7168718034258899,0.8808021590433118,0.8025883716585335,0.8810493682015024,0.31052687506952714,0.9734229210364408,0.3372156093671956,0.633917038181031,1.1462979483514308,0.29705727701733753,1.1012786511056663,0.8426630104469404,1.091706751706344,0.6067300743198203,0.2741181271647055,0.7300013652457171,0.8868029030270872,0.5517663889956498,0.5556421042817768,0.23964255566925527,0.149220063395979,0.6883111665611807
0.15390174851466798,0.9590006116083002,1.4078693786379335,1.3442539341403006,0.38889769751927566,1.2576870472038824,0.44233526051612804,1.154881231058842,1.1080807050861001,0.22432305353203344,0.4997689280944092,1.271981990428356,0.6243389137465102,1.1175054467508319,0.7287001520703511,1.4861525039556798,0.398311303928233,0.7141333302188858,1.4984703618190203,0.8425931045113302,0.9661005914858493,0.3734202892790125,0.8883793310158682,1.1324663341945929,1.2783357594447737,0.533777897528796,0.7982112550153067,1.2056029354669444,0.5581345937018676,0.24442755227285595,0.44502232658046503,1.2416461895752808,1.1886407818494291,1.5113464568988,0.5728020402412588,1.320030367296417,1.0719194900299764,0.7895549122944117,1.2585188761458777,1.2122099515148765,0.6523098669411916,0.3807035607853798,1.1998530157718728,0.5826770500537756,0.8393463446459476,1.1321038667317367,0.8731048793783748,0.3133949700264321,0.7916521795661072,1.3409626424141408,0.5084082524924299,0.10636043154439923,0.4771131600002994,1.1769051274587916,0.17423668287800462,0.9936719664462307,0.6817663842486349,0.6048723042029316,0.2499631035879224,0.5926476985856713,0.8077565121853828,1.235516186318541,0.16727283289181494,0.34602637811842873,0.1492284077742421,1.6645847056739789,1.1710252381790747,0.16908497347133838,0.6026978844244174,1.6857787708316962,1.1978758297010679,1.5671099727110807,1.2071062635583423,0.7518488880190304,0.0,0.3525592176436311,0.6247636269540565,1.0020602448683438,0.8521218856889026,0.5556790500231165,0.42159942103537823,0.1747335288241868,0.3367300985792346,0.662591940751153,1.3144447369352195,0.5141662078105085,0.023967398485973623,0.26390025364137004,0.3042703142922085,0.6434067865653318,0.6277455059932873,1.0225827847064461,1.4935996229473218,0.23188461804019345,0.9574447719774667,0.9398968586446435,0.5685226972519027,0.3056238044811134,0.35644440878703726,0.83701081375404,0.9957077987255952,0.5922029328281295,0.988853908677286,0.8246620559706304,0.9010356536877936,0.9882088113493626,1.2079634546549287,1.5250666568506501,0.6330602566136038,1.0981991443072168,1.3806525032198325,0.20143748613206292,0.6012990389933595,1.4427888101431383,1.4100101738378448,1.655801140493895,1.0990088950289818,0.6274047019150458,0.5475329157580929,0.5325783384140292,1.1076194202773626,0.322074591486162,0.33782172585765546,0.41048497796483857,1.1047181124529342,0.5900322584344097,0.7564314811998026,0.08652350846484758,0.37575094934217895,0.8094573614743908,1.646825468498455,1.1717669402152366,1.43506507524618,1.1697746047028663,0.19369939426873908,1.5100211183549082,1.1925449600424132,0.2991404517262088,0.28865669199423494,0.9632042605410917,0.5324500643247605,1.3345199580129126,0.12694528054411308,0.6866591561283931,0.2756160164573975,0.4176323292333902,0.4321134793443506,0.6951396355749142,0.43796585042767433,0.48353103119001606,0.44043462746876394,0.7067844535022618,0.6750634579385304,1.3740955980523282,0.08722012293577482,0.917875545460601,0.33947554803293184,0.11661277694955795,1.487522808898091,0.41548464060401785,0.8192976031019514,0.5355655961506091,1.0989308126417137,0.46295463094624184,0.576928505325545,1.0421407187459157,0.540139852805598,1.873595520911191,0.2957595806290986,1.4248314750656175,1.4552609037356183,1.09456870537222,0.11959444107203153,1.3688919971265834,1.2627608259245093,0.5185611376588306,0.11620481857624126,1.2217741111317024,0.68667848861007,1.452916251690798,0.9732632612184128,0.4693444584419393,0.2432235113292744,0.8189981341741311,1.705697350528923,0.5341316704309295,1.3571746424580662,0.5426796340464569,0.7649841120510018,1.8410363751692502,0.25123494971241267,0.36725794728365596,0.15699485444821215,0.5586874292351852,1.3493064254337632,1.6383153512523498,0.8852055590964939,1.300148185193793,0.8283446426915252,0.681623149776647,0.6354736414855366
0.39205849619205113,1.2038581916518276,1.6951104703428723,1.474944530217413,0.5731621190901509,1.5515671455738613,0.794867078952815,1.0883030880739302,1.392388317662202,0.5438005412894521,0.46164682004884156,1.4171058632557174,0.30624169900030485,1.246878917298043,0.8455569611639642,1.5904465314022875,0.7223717723320189,0.39210188928665046,1.581643139910787,1.1449930761269,1.0648172075307534,0.5192606631399656,0.9627673280155643,0.9744913852330368,1.254600933470681,0.18557286649564594,0.9175124322514095,1.4390612817000683,0.484540405772501,0.5212034163106557,0.7808792062602369,1.3990839784159999,1.4381709529611797,1.6847448013834134,0.39563178931901094,1.544648833276855,1.3296340737110552,0.7041167333990074,1.4755184286620449,1.0996775693990255,0.47926377607358894,0.7280179842257112,1.485926356398156,0.906709779011051,1.1202755953429193,1.4014003656090417,1.1630379645998457,0.5266211774943904,0.9505111772406271,1.587718499705267,0.795694918842068,0.2462940043103958,0.3135385061768842,1.1510163963021083,0.27325706875582234,1.0243505779623472,0.8090023201354232,0.5732397560618514,0.4805614055913756,0.292255615982665,0.7779473690753568,1.3941983276217491,0.4320046529421053,0.36218088630841855,0.32668273232846035,1.8110750053027822,1.4811151011028614,0.496269108851014,0.2879555034412078,1.8520508698508635,1.2153397893364783,1.6623180003125897,1.270350336985265,0.9630169425104333,0.3525592176436311,0.0,0.7247708984263224,0.8558977108585273,0.9487585284471395,0.9060183780429484,0.14501093207896065,0.4181265468977176,0.6892708469036396,0.3141312408775132,1.5905234328783946,0.24831293021865883,0.34393778132058944,0.6088976549395658,0.5164047651240828,0.9928401754900257,0.85032509393494,1.0616054552531977,1.6690633651868256,0.30844416555633025,1.2667309977164862,0.8373372444007549,0.6150919361455028,0.1171489819288465,0.1950004888093781,1.0846295687474667,1.067557920964163,0.939729026629384,1.2248801521061448,0.7499537432930814,1.1794434616187361,1.0077501164493359,1.3951924169381535,1.6325751767133976,0.9555320721148923,1.381360965568618,1.4993690209463566,0.47988133054641396,0.9136388106489344,1.599470673046818,1.5909511778251777,1.762207740537556,1.2498264403148978,0.7266452374842609,0.8974807440021457,0.8517164550949379,1.1231640630483264,0.0327651027477192,0.06346472988371397,0.31859494556993195,1.262784891514432,0.40581910827841555,0.6097312711393533,0.3422402479513249,0.023193441524888947,1.1525385915208495,1.7546294411867154,1.4787272436821866,1.655997716017972,1.2266435919504588,0.22006126122921277,1.6568542592162714,1.0384084431792695,0.054081140174295814,0.28628197827786805,1.1853139539085307,0.5767478694384882,1.6244763867029415,0.30947536834491723,0.6164966255906806,0.5730619590520298,0.13619875878149895,0.7634466487371399,0.5220948888471781,0.5285015403573647,0.7933059380995804,0.5355877019865433,0.8886077721130239,1.0171186010576307,1.6643497409665353,0.40598466529695604,1.0217833502935465,0.06337127410870795,0.46422839380151504,1.648107160851272,0.43235226917277136,0.6070673093933993,0.4648744708273745,1.1861149870847034,0.3634629108271122,0.9294397676722904,1.1313878498604502,0.8904259118074217,2.0171618872146113,0.2926117589512351,1.6586536122364937,1.559977864166164,0.961432817833609,0.2888023295868212,1.6511768920198884,1.4279354076412083,0.6460874365986345,0.2917529730734543,1.5249721175709376,0.7722126980928626,1.5997921408373452,0.8345997484016733,0.8149266098496545,0.5394132485665019,1.109251910685585,1.8389220373015525,0.6562577319144954,1.4931151442899058,0.19782972388546738,0.8648442185519603,1.9825241199922694,0.12511799519048789,0.5110141103802981,0.40215472088340243,0.8424124775397583,1.4100970982787058,1.8176263811809938,1.2138492066950277,1.5161721789436344,0.9554934504378585,0.9378385876300164,0.5383893056219426
0.7782993767648755,0.5776630988849772,1.1059089985006572,0.7512277233362545,0.25030743470284017,0.9901488240507167,0.7627876736822404,0.614067449920567,0.823824054459046,0.7846772227061267,1.0965298404000772,0.6923934931694807,0.7524730038636486,0.5224816251011888,0.12111022502442038,0.8758176916587438,0.8946662786642654,0.80892569711451,0.8791432076994603,0.6721219247681974,0.34809120445147146,0.25134490466282233,0.2636240216338605,0.7297573247309105,0.6850656101753352,0.8675754286588456,0.1927448966223323,0.7719654965786589,0.33330668002218644,0.4282252689219887,0.8939136212210272,0.6759875874874484,0.7948977496050975,0.9636236069539654,1.1037136160437524,0.8613559232771296,0.71108450980532,0.38078689939594823,0.7870640024516684,0.7237771877809306,0.49442208318094166,0.7980612655523915,0.9112627106657605,0.5986004597579346,0.5908475863588385,0.7979349979140342,0.6480844932571617,0.3270304882854495,0.24331076426223275,0.9305112650686505,0.4283787417296011,0.6325819596730926,1.0101516318842287,0.5916336300613791,0.5088387533696902,0.3795580093355611,0.09277573880024421,0.252702704459597,0.8678718850888107,0.7020855877261447,0.2966619098401877,0.6714174602761304,0.7853212129234945,0.9476967641981827,0.7660525382689033,1.0864067600870835,0.9749267115888265,0.7390522830536236,0.7353615061367169,1.1284886589083694,0.5826796916452949,0.9527930213794431,0.5824667758048625,0.32562460513471597,0.6247636269540565,0.7247708984263224,0.0,0.6120479864986448,0.23134991072711425,0.7636775806854137,0.8671375581420913,0.797106479704567,0.698120029012926,0.8733822745676824,0.9843445366797406,0.6256073158783566,0.6030000929503899,0.5913192983172284,0.3332717432185622,0.8077800943632873,0.2834415186599709,0.4034203817107455,0.9487094017754742,0.4449944713236508,0.7902248348986187,0.4959574034990812,1.189973813988039,0.7846291853691637,0.8729094241125467,0.48577672891793483,0.37102640509045925,0.75282958766172,0.5805956445709424,0.37952329664141554,0.6300632277314983,0.38130919945070263,0.6848023542888815,0.9167335884348337,0.619176131478851,0.8113617575009728,0.7785725921044178,0.8071292745554979,0.5568586370650712,0.8752923879837773,0.8734814128094931,1.0475317010933294,0.5265717335764155,0.0027883619136488094,0.8832278761254538,0.552294141343868,0.4965279646830195,0.6996153700544553,0.7679116347478304,0.975625827104901,0.541290987450897,0.5056541273699114,0.47626551077215656,0.7094797738211742,0.737053848238776,0.8627676066156906,1.0392938918498456,0.9626785211771631,0.9649187353830158,0.5450738362810756,0.5457388109348321,0.9320906112762933,0.7714518766121615,0.7060945354483935,0.44203366061416244,0.5243466796153292,0.15939450224636237,1.0468786252670865,0.7387894944604031,0.3212261043793972,0.8483204256267277,0.8587465243328161,0.5670553390076495,0.5039115466839448,1.0615622393670248,0.9891767654391476,0.19573173046018102,0.22395071913654038,0.7590074908521179,1.084436445045091,0.5518094651011013,0.3018820428234317,0.769010113063744,0.6698583314536234,0.9243030319549526,1.0240664341249208,0.6249700715911827,1.1217936175911964,0.477969088735411,1.0302327905709194,0.831047974406929,0.4212626138512167,0.7534848248530854,1.2929442844667154,0.43476658481473224,0.9812940746264842,0.8449643743554844,0.6588176619870791,0.7210746508880199,1.053854866223969,0.7065773809893203,1.1421641895510175,0.7192162129478248,0.9921898029140744,0.06375324548872732,0.8750213534722595,0.5791681976315135,0.8657911984460848,0.8255844492853965,0.6085200868284458,1.115894096194311,0.0924731973354803,0.7687651324770152,0.8864023636219848,0.1439575917375014,1.2584957169089037,0.6196824118618768,0.9919047966644619,0.468645503547447,0.43358098853162613,0.7248109003010068,1.0974337114476533,0.8256903145588903,0.8250722537759143,0.23111238297145942,0.40536894493749687,0.3634453815342326
1.1366870141483463,1.1379112853752884,1.65041209751507,1.0216085296498272,0.7786498724182359,1.5571409717624254,1.3071541430887608,0.31056552714413416,1.3967826502417147,1.219361336839671,1.3174422712347031,1.014385046288563,0.6452765313379526,0.8584430691359516,0.6547080427903966,1.0500010396048605,1.3751096425405314,0.6282100913080354,0.9957240176634116,1.2800648397490266,0.6819688923118782,0.7302101881622269,0.5833286792146525,0.13136078721958164,0.517099013582705,0.8796541423014624,0.6766041284393174,1.2698877231067327,0.4460800853754711,0.9240948319118161,1.3986680516708567,1.032610643961468,1.3177570412418027,1.2950488009669265,1.2281468783491478,1.3245879971763352,1.2630294294663138,0.23985938348145255,1.2494798469183723,0.2531572207919816,0.37723604140211253,1.3092956848683484,1.4756933308392055,1.2003809281915154,1.1918915685788034,1.352873617984471,1.249609511153667,0.8280322818444082,0.780640064841986,1.4253201115532086,1.0281952100089393,0.9433159728790655,1.1611376993591314,0.43651133531467096,0.8291980772664657,0.49916927995720145,0.6721553114983269,0.4282932897881604,1.2404200800198686,0.6176373810544731,0.3236656481566494,1.032295048264583,1.1629479048188491,1.2055804211633347,1.0918894903651954,1.3331441170694107,1.5649026049117252,1.164433819104456,0.6458792856783517,1.4171227209933868,0.5736769196890182,1.0891029987214311,0.7144204224718901,0.9124948254756267,1.0020602448683438,0.8558977108585273,0.6120479864986448,0.0,0.6322340929372209,1.3410814540865705,0.9811669977288925,1.1630664525822592,1.219579379976595,0.7670110652867171,1.523987492335554,0.6157951106776085,0.9785572348235115,1.103995974124991,0.8274587524323428,1.3980052582609563,0.8945195194001871,0.5355908807606546,1.2876350221038178,0.7707693997957246,1.3940403961125651,0.12667529868781446,1.4651968489123712,0.9676679162153161,1.0508849622612162,1.0716263790374327,0.6178432426625825,1.3402698660806769,1.1262900900723005,0.23254155931779394,1.2232198080706986,0.46553202810740246,1.1079355465886784,1.091838019158266,1.2259675254733235,1.3844134988354406,1.011376381998199,1.202367788382548,1.1636170835442048,1.1832277096515498,1.2393477754686828,1.1986298961128705,0.9142605185514237,0.6103750390754227,1.4326662232027492,1.1494023614915225,0.5115427285510724,0.8528779387466656,0.9191898587147915,1.1744775040602056,0.9410493858158527,0.4506439345885157,0.25109177173539204,1.0619324239431838,0.8508197240538645,1.4711662781069266,1.1952209806886598,1.549931164583303,1.4023947620927113,0.6707466273056882,0.8257312583078708,1.204952364953812,0.1905405500868656,0.8779198618534082,0.7144166893714113,1.0619309991519974,0.549490319641343,1.601930570391708,1.0638705126591446,0.3340837522192741,1.2759819240624264,0.97259565374333,1.1400278609666763,0.33386675894547113,1.3635273747317727,1.4683983505984721,0.6485937244126052,0.813129173874893,1.3604347668729313,1.6360893331021122,0.970488416647395,0.6758709205385379,0.9191942427497848,1.0978379811837198,1.2322475724197168,1.2809598083786695,0.2816928261725013,1.3197515470988341,0.7178758643001176,1.2185118377533377,1.4016309485069203,0.6920514821225753,1.328696623686259,1.5061956638085512,0.7069336995752953,1.4427350199690594,1.0263445588808497,0.10780462761800759,1.0395372550364093,1.5956460619955035,1.073501737062549,1.473279521387483,1.0399457861893475,1.572027300377458,0.5800928497090588,1.1589119350969372,0.03314829027378072,1.391447981650744,1.2446122935161739,1.2144927178922011,1.3255570423847487,0.6615836370885455,1.0483373423248332,0.8980364171067061,0.6195832729345252,1.4705721775316156,0.8316573227754368,1.3235451461638266,0.888961092047997,1.0407822320818119,0.8101601360550591,1.4213152595274678,1.4375268376767005,1.2776979965325048,0.7069481250767049,1.0150492401565006,0.36759208787492814
1.004825284440472,0.5108075848998634,1.0182134219917622,0.5274917733081481,0.46764881226774074,0.9274366611058577,0.9337766577269117,0.5169354588199224,0.7703668475967744,0.9986476278825597,1.3278487405299053,0.47715453983569955,0.9405515310409486,0.30285631166975957,0.12621558964725701,0.6451099377637207,1.092146193951315,0.9847815834569794,0.6481114493912273,0.6976584559088372,0.1170189011962893,0.47991585548114263,0.06460365411681647,0.7232181471944824,0.521491749205984,1.0814037318435685,0.0734265055588239,0.6426914425778675,0.5127530719619132,0.6409604121047311,1.0816210982229457,0.4700661941719462,0.6863807723553698,0.7586427773431564,1.3325254909263682,0.7098862851500548,0.632119555660292,0.4517338364675936,0.6337069491591457,0.6585469069634097,0.6481640603723972,0.9860410482326962,0.8458306232449682,0.7139423032916352,0.5969010095580413,0.7218620539513378,0.6528940911564661,0.5456454139712662,0.17001966981485678,0.800726200768617,0.562559900040549,0.8637310136047761,1.239702780308218,0.4464893467063887,0.7401739821518752,0.21220758175488688,0.17517781056097093,0.41659613263106293,1.0912169215773342,0.8913912746188051,0.32362731323139526,0.4667257060272537,1.0094556866390614,1.1787559358973594,0.9954530109647087,0.865524131356974,0.946368435874395,0.956303919169886,0.9259311587264086,0.916031226847823,0.3906821711175182,0.7214917017168347,0.35788079224774283,0.32027424985352887,0.8521218856889026,0.9487585284471395,0.23134991072711425,0.6322340929372209,0.0,0.9068312108504354,1.0925452387545984,1.0224837668494455,0.8852280592359968,1.0679389176984984,0.8918506091478364,0.8239033855059522,0.8309678848607174,0.7878510440248122,0.5532363219615765,0.9328907480643388,0.3659410156342873,0.21614642927425054,0.745543499657065,0.6760606459951776,0.7967974755571544,0.5055604312131317,1.4192462553363692,1.0137908486971445,1.1027001899163198,0.4631190132945316,0.15044260728538633,0.8843198139000822,0.4956162186068157,0.42539683861722455,0.6153933303873479,0.23234435292563302,0.5067458514459635,0.6863744043823431,0.7194084726972529,0.7581846187014146,0.5506502894840539,1.0282441306508145,0.6614721593936064,0.6622026817937983,0.677078338937008,0.8169724197246704,0.32472512923114116,0.2289698071115637,1.0460296691561701,0.6805394375926566,0.31955007605075925,0.9250702015767074,0.9946571617129731,1.2066812722048577,0.3456315689119156,0.6793094104122102,0.5865626238514141,0.9376449586212116,0.9595826085203206,0.9455440963490762,0.8088926545526359,0.9294994924932176,0.8009500435311292,0.32489442867047574,0.7764823794983209,0.712982989773524,0.7479805952999977,0.9332632378959976,0.6700116517911237,0.4307638924973069,0.3723550320335913,0.9700722652227212,0.9685237024611654,0.443522450296343,1.062253619238127,1.0839933992786783,0.7258949617239783,0.6436950795353333,1.2898942440063774,1.1845854800406628,0.4268359620304626,0.24587173772175405,0.8662426640812425,1.0039579569621795,0.7758901719720291,0.07335606218474663,0.9956886544045205,0.8885931367928891,0.7123772405715214,1.2549004526894882,0.7386343440402089,1.3531003637113015,0.2471790699601352,1.2612222693268076,0.9783050349148551,0.19036091771419153,0.8994430558788075,1.0697337397124742,0.6624413298828146,0.8306515322201923,0.6143171430023608,0.6411614492326106,0.9513276083671355,0.963494852055345,0.5053532345047322,1.3670983450098504,0.9493767951661739,0.9469102114919897,0.17689086731121664,0.6567582139883782,0.603295326627069,1.0440659067350948,1.0419239998352863,0.6292420626456381,0.8904089493730788,0.31850637778339336,0.5470298030224071,1.1007169017807636,0.08763196815354378,1.0348028069642514,0.848031808465721,1.2183306936294687,0.6952309575889951,0.5477529236665505,0.49878053500327413,0.8929785253524691,0.8720104314849968,0.6666691888029046,0.08209628787518602,0.4588579454560513,0.5133661688353724
0.5898805538172138,0.6886380976071608,0.9758824711840844,1.2363284686013742,0.5627942105210809,0.8211261906021927,0.1383570304323547,1.3771413777401575,0.7107940726163247,0.43946331081210405,0.9382324042837251,1.1483808173578778,1.150967192701574,1.0495227861343441,0.7947812986332757,1.4066906715121459,0.3579184992743752,1.2387322920340216,1.4533290452154914,0.44174050610088395,0.9852400495784499,0.6161959489515783,0.9674311217231386,1.4686035234055077,1.4253851708606073,1.08909806300812,0.8336391402334803,0.914845986154752,0.9260827961781195,0.4454251782178324,0.29467380922672787,1.0998783610730751,0.8642471899006869,1.304814396373593,1.0772171755903523,1.0330879918445321,0.7465926951347384,1.1014708579578596,0.9956178594904915,1.4852233287122008,1.0766582344369915,0.24753995386532807,0.7874755141262808,0.20984823303657768,0.50582326640366,0.7690078122459206,0.5034078950031211,0.5227183144777178,0.7593596209116464,1.004252102585398,0.34480294978128845,0.6606136627877012,0.9908977473901376,1.3414266296055042,0.6655014860641472,1.111836745818802,0.7511617733365726,0.9152637556791656,0.583811382000549,1.1112151378402388,1.0518852791498963,1.0923850835917845,0.5555262262848132,0.8082832955530421,0.6443259943618809,1.4930983284611035,0.7012074969669543,0.4564898112242638,1.1286818968965324,1.476559813047053,1.2970569781478372,1.4944086474707512,1.2343624007657525,0.6294967678251372,0.5556790500231165,0.9060183780429484,0.7636775806854137,1.3410814540865705,0.9068312108504354,0.0,0.9730099668817934,0.5792370307651497,0.22592309250934356,1.2089745297779988,0.9148029067020194,1.0237012673625419,0.5622348547291798,0.29922083426362955,0.5259689442914611,0.0887292795026555,0.5432114985326545,1.122160648702637,1.2849999885453658,0.6783459109078098,0.5123665943113109,1.2401506119944572,0.910446642090256,0.8579330670632671,0.8936217869214111,0.5950936522808253,1.0510444988601806,0.05429336890950848,0.7324150085761388,1.116719655950695,0.5576991214972761,1.1236139090569097,1.0138500304620273,1.435779692761779,0.23359890661931182,0.7051700558197451,1.2890477852691973,0.5251079771770589,0.2679709023137052,1.2750026056558366,1.200211430068277,1.555452984038731,0.9955365354486175,0.7661609653934263,0.16484131517266756,0.22794474914476656,1.224959237519489,0.8744844797128615,0.8933676022015704,0.908098032483068,0.9864169662801334,1.0362791209235473,1.1367153634868996,0.5936975207936767,0.9291477540928027,0.2693436167947783,1.5449027922728165,0.7098426654085164,1.143069439760855,1.213490100839696,0.7113494710568203,1.3528083711394667,1.5178303440479546,0.8534772148295752,0.742992462450997,0.7451381650877216,0.7915926585962392,0.9013426715275028,0.6418838933059052,1.0095055882099355,0.4666821331316961,0.9698849728603876,0.2010973954459278,1.1107683279042546,0.7919017984945455,0.4074802893312892,0.6943654455210805,0.6661681334829443,0.1536326621320157,0.9375199215277147,0.5033160275973104,0.9412402506647527,0.8950182809033582,0.45544576326164,1.3074773376047921,0.8451025941869028,1.2483742645637934,0.9862652332992508,1.107119746972856,0.9498661557914341,0.07253691681123074,1.0588901971879658,0.01560044765088641,1.691287951790928,0.7453902707943043,1.1072217909215296,1.3786534117397158,1.406663990483117,0.6508085027299548,0.9507207300180494,1.1030306930853182,0.7887534476798693,0.646999456436365,0.7653876005478047,0.8187849935540531,1.3019807621704795,1.3082102790101706,0.22373476480448776,0.4799433514213953,0.463523121457922,1.5543253048058898,0.690241674000517,1.2380573557172507,1.0983122445285862,0.8442250289260863,1.6646518678382016,0.7937647409704686,0.7063784358210946,0.5373088132357566,0.3615608812070034,1.3591915541872996,1.4088480702334911,0.38811012746928386,1.033696992263713,0.8398857466582504,0.48346550682153777,0.999369588848183
0.40697884952498264,1.3291833368112882,1.8090653948924447,1.618029804255489,0.7027273828110038,1.6625308606829443,0.8508220077423485,1.225296625475969,1.506658992849503,0.5703219258021016,0.35112119384995544,1.5589912696970891,0.3788022633715079,1.3895832997789808,0.9875598192856437,1.7349712012581364,0.7408084597146215,0.4508005540630785,1.7266108213330165,1.25097276162696,1.2088365651794613,0.6530960171605767,1.1074370820647177,1.0949256729263546,1.3955643467218755,0.15968258109667874,1.0597471915918997,1.5680468947095638,0.6276856083230499,0.6280318954303263,0.8072130621593163,1.539785096047321,1.5633162592104939,1.824351583577116,0.253257796174584,1.675843416501849,1.4521779752807003,0.8426412262522719,1.6079916613992693,1.228981747147138,0.6084692581011182,0.7698203312172481,1.5998223608902578,1.000360134769551,1.2345964718049378,1.520799087861316,1.274284599167032,0.6491795542081665,1.0891616955060057,1.7140367194989061,0.9051623403185582,0.32460569407079365,0.18016490253861064,1.2922176801486702,0.3925084569250893,1.1691183110561894,0.9498642179521117,0.7176054851194525,0.4728476870743638,0.38264771088824673,0.920943036963176,1.5347603885334478,0.4478173819445573,0.29244075195942115,0.3420287057522531,1.9535033009174976,1.5843630150929433,0.5319799001647554,0.36644531570484523,1.9927253051325848,1.3593042026260809,1.807130090014709,1.41536044324257,1.0939331883024548,0.42159942103537823,0.14501093207896065,0.8671375581420913,0.9811669977288925,1.0925452387545984,0.9730099668817934,0.0,0.42832434484404136,0.748905688477012,0.3325306741260457,1.7082826101807635,0.36541866485522845,0.4206608908474207,0.6854804657140058,0.6387663190295381,1.0614758126509918,0.9779007827076971,1.206490892916607,1.8083950732524985,0.4390210587553805,1.3698654928229315,0.9714959680300543,0.5183955221550128,0.11598374033300778,0.10867998375532574,1.2085715532562764,1.2124227432235275,1.012066677634541,1.3523991676062117,0.8891522583542947,1.2949395601935991,1.152239308510298,1.5322924309165151,1.777022541249734,1.0503323632758612,1.4960140541152545,1.6431934683749345,0.49303407933906895,1.0137393079658181,1.740687507071244,1.7294342034857724,1.9067796683178242,1.3907473072380583,0.8690819953874407,0.9408734627980287,0.9478986803699722,1.2672429706375559,0.16757285968969268,0.10175496449458052,0.21276915439466193,1.403019461407035,0.5359255184344643,0.7402266874439131,0.38152729691714937,0.13911696746077593,1.230650561317347,1.8991516513851041,1.5835661158578755,1.7882261364673262,1.371636643860986,0.34174252302204866,1.7990417354145012,1.1589487786885195,0.16351332926465273,0.42599931326780605,1.3155998254080228,0.7209532699831259,1.7372104865753357,0.3363569898262619,0.7579374421288327,0.5844324692614858,0.008980384557907591,0.8517279331340429,0.6495789451364206,0.456459618776877,0.7984791632560776,0.6758157907916487,1.023731878207058,1.096540258442334,1.7770511030506577,0.49277705140617917,1.1654301400057798,0.10040013114322563,0.5181540485049978,1.7890323436654025,0.34656946258001003,0.7197727677497437,0.34347563400893794,1.3307669961300954,0.24495707753039936,0.9867465057546425,1.2759040886539263,0.95763482318792,2.1600306857978544,0.43289474966853875,1.7882111991247536,1.704464303057841,1.0880437305547648,0.3237071960038547,1.7668998866271262,1.5678975412650633,0.57594741228981,0.32743954570534034,1.631736520926932,0.9158057792332008,1.741884128308451,0.9619299006005857,0.851822718397879,0.5534548260488006,1.2201074538069085,1.9823122091497662,0.7959636278014512,1.63586968037884,0.15635178929666102,1.0081161760320885,2.1255084537255904,0.25222227068168207,0.4624118263613404,0.509644323617258,0.9536461754821797,1.5550685208723944,1.9567605194338835,1.3052426494658607,1.64895420451585,1.0973107039834427,1.058402214296632,0.678433659204305
0.027578118564288347,1.087345667354263,1.503039502072094,1.5052606781882734,0.5559580940794951,1.3495726270535444,0.445593838541622,1.327169739724455,1.2097851529876797,0.14610967849374473,0.3740827598364326,1.4303729734648614,0.7198434278025245,1.2805156540952398,0.8979503961922196,1.651285021466113,0.3126101864896067,0.8079392633238069,1.6667377073491274,0.9356948857592797,1.1352555383492489,0.5461095498830205,1.0606331610015005,1.2922750612419935,1.4529271851220014,0.5732921503400153,0.9662464752409293,1.3352810044399075,0.7236556948485308,0.3947312519562837,0.379318461985607,1.397321699779943,1.3106190105670923,1.6604177967495548,0.49798073750775496,1.45225634769262,1.1913212430166935,0.957597177533583,1.39466512678797,1.3799467363626956,0.8020698021631548,0.35120025671323146,1.2987195106058589,0.6629723158699622,0.9495031020751359,1.243577859962238,0.9757421958719337,0.4785700017517885,0.9526736131568824,1.4623977805657835,0.6279736849075966,0.22174534494425857,0.41289652440934727,1.3513534896988997,0.33605014016513424,1.1679999589660677,0.8502867683482699,0.7761671312426593,0.0775536746955977,0.6974275813394378,0.9810241073835774,1.3909309836564303,0.023827954427272452,0.23142261109050433,0.09154212564806466,1.8200772632433502,1.2495273120349466,0.12396025154604855,0.6999070524610691,1.835827109132705,1.3722810218319281,1.733361712048262,1.378760058090342,0.8991019374573118,0.1747335288241868,0.4181265468977176,0.797106479704567,1.1630664525822592,1.0224837668494455,0.5792370307651497,0.42832434484404136,0.0,0.3556956559327735,0.7285731024845733,1.4187935397515619,0.6306878580841099,0.19811173460653178,0.3380952753087697,0.47027984039759835,0.6671643955149223,0.7746349823945705,1.1965186387488989,1.6421762943993055,0.3998586935663358,1.0409800397195261,1.1072251175451924,0.40769058461914714,0.3261148057320781,0.33129195105573656,0.9667886164569457,1.1675578592706748,0.6258451883429003,1.1208210439819868,0.9943093048201936,1.0112815119594085,1.1628215797388983,1.3554699209858467,1.6894688799000828,0.7127685349177966,1.2009148964376286,1.5437853671208361,0.06471819974329106,0.6941553369851264,1.5970429248816675,1.5575537875664267,1.8198324799817693,1.2576793707799936,0.7997816742553172,0.5198926134501197,0.6218647351395509,1.2821787872996946,0.3955763048014154,0.37783519796698345,0.3289256222460904,1.2615978878754965,0.735082076995223,0.9142087385597194,0.10116728335130916,0.43924474219953136,0.8474909831612711,1.810644455789199,1.253355420676653,1.5676788707254576,1.3421153156656704,0.33824292532893463,1.6663167139402812,1.353498047200963,0.36647054755776726,0.44974004232874504,1.1016740922347013,0.7070860319615404,1.4284966854144037,0.1108822898706526,0.8552004977411808,0.15726085570763126,0.4279399105683637,0.5125390163968069,0.8459969459814392,0.2745136029653216,0.37614487353714987,0.6149302005931352,0.8640490392091807,0.7202859126616094,1.467338557794971,0.24677129031327535,1.0867672174992133,0.37924557367666456,0.15686003796806477,1.6404235885481322,0.2814575360237699,0.962506803742371,0.4182153818792032,1.2685914341651423,0.3712690493709009,0.5786381341631185,1.2119104939937433,0.5648621847482289,2.0288230854696514,0.4575662899429348,1.55176009415943,1.620469959798809,1.2585757806826408,0.13451994311909712,1.468207773296008,1.4162142567242266,0.34505777904605267,0.1325999147248211,1.306115247943634,0.8595397630081867,1.6095683787049164,1.1353512822434149,0.4277381553299471,0.12527838292238885,0.9229298295762425,1.8641279881130266,0.7057121003558235,1.5169821165787924,0.57639080775658,0.9358196136099372,1.9969170787188424,0.3587105079628482,0.19650421785934052,0.32852013560723325,0.6778387412219143,1.5206784251271186,1.784689021613186,0.9475143711654068,1.436210573673799,0.9948089709933973,0.8117654036581218,0.7994449551367465
0.36485639894541366,0.7990258705538695,1.163691768201701,1.2940005485583346,0.45855630314838947,1.0088824206884557,0.1062962767569969,1.302974002641297,0.879661408924004,0.22244222404240632,0.7219746425077773,1.210520490979063,0.9501336335618403,1.085385634255795,0.7617566740629114,1.4559919379888946,0.21443727263430026,1.039319513972975,1.4893585418579034,0.6025754175590471,0.9820948795292233,0.4934796372240931,0.9386392329151767,1.35028984072863,1.3825001814987579,0.8698878443346499,0.8160664940987584,1.0422331704292707,0.7824036714152537,0.29561518016110166,0.19671776459851628,1.16841259208983,1.0049467982072933,1.404764405799698,0.8531681944286541,1.161577576233167,0.884333260820696,0.9850981647080049,1.113030788141259,1.3925953842271268,0.9165058534494107,0.10085218878530233,0.9645259855012648,0.3284811717379769,0.636481612299376,0.9242317084971239,0.6519186555611047,0.39529811287220434,0.7661527473924615,1.153205781539769,0.3594297858915541,0.44298946208345163,0.7657224062263425,1.2897425880618496,0.467791450232117,1.0726558164583992,0.7135068496645899,0.7924840767198097,0.36889402067456145,0.9138292733786922,0.960264186780729,1.1612949512296282,0.33187571147177425,0.586451792428142,0.41841472199238017,1.5815138983898325,0.9010163821296867,0.23199336679687774,0.9280252186317968,1.5801466111828595,1.270823568478616,1.5424177143875732,1.2359883992359098,0.6670174464136724,0.3367300985792346,0.6892708469036396,0.698120029012926,1.219579379976595,0.8852280592359968,0.22592309250934356,0.748905688477012,0.3556956559327735,0.0,0.9977328093810285,1.0886246850295043,0.8293700347643822,0.34644919085595216,0.11559038937790755,0.3943273361075899,0.3146221527008692,0.5536090821913427,1.0908846887556702,1.385470397949136,0.4943535917850369,0.697598069309605,1.131967206044481,0.7128765896393108,0.6344811289041111,0.6678505372522532,0.6867506268623645,1.0354402994881806,0.2704245421909307,0.8384100316944928,1.0085170812351725,0.6961301465702863,1.0778344560041089,1.1022871607897962,1.4896262617000688,0.3748942597178121,0.8720098820713788,1.3410819445584572,0.30538524840259235,0.3720214770294411,1.3583688576864363,1.2996328837757047,1.615689881255548,1.0446325424688379,0.7008656249834277,0.22315869561822005,0.3017036552184297,1.189514452789172,0.6585965525851665,0.6722724302526616,0.6838188296029977,1.0415331271686377,0.8668953688325282,0.9948665751346903,0.3683724054925985,0.7124639635335268,0.4922272473293369,1.6056315902038827,0.9065170689531733,1.2757418191639902,1.20779950523766,0.5080645560293597,1.433202374467769,1.404593350673404,0.6358603654260779,0.5607841103847683,0.8342694286067256,0.6808273920922537,1.0887713933617906,0.41619327249604937,0.8859164880074876,0.2627231160838162,0.7460762172520674,0.1964326262471151,0.9547055745630627,0.5870537783940103,0.30174558039508964,0.5771140827762616,0.6693552934646452,0.364763583831238,1.1267422703519978,0.29804535564647205,0.934410730933083,0.6739105988990591,0.23075229266980962,1.396518450939346,0.6283785797162942,1.089492328550241,0.7687555338136659,1.112968312363792,0.7269638215970429,0.2402144081584714,1.0595590289406194,0.21097475424505963,1.7864924011981642,0.5648110179015278,1.2499554001966784,1.4262670577309273,1.2970479470213512,0.42578403420968347,1.1326692469738515,1.1792373088292263,0.6035400932995685,0.42199475424679694,0.9605401750647633,0.7600506850347064,1.3788659822795333,1.187728004676921,0.17243065534597507,0.2678447044851229,0.6025339321262373,1.6353629245497656,0.6109773045144016,1.300427716168839,0.8781423024020615,0.8089105158317027,1.757176150756386,0.5830376191855013,0.5000166282046019,0.3525461167350881,0.40076893590981133,1.370849617143666,1.5197927311997819,0.5942966189771542,1.1535046442729786,0.8328251182352725,0.5432205958718053,0.859910439749241
0.7033490700113453,1.4177204251154532,1.9315660696145736,1.588236798725625,0.7977737595902007,1.79581760861947,1.1039007548032083,1.0538872293826798,1.6315396507140278,0.8577180566811717,0.6704769278361441,1.5446121220101523,0.1323296495469542,1.3699132785146655,0.990615298669403,1.6771797996876816,1.0359358418341869,0.14590893588819956,1.6507724947357107,1.4037246419651959,1.1755116354180268,0.7333355754818176,1.0631564625383392,0.8593473142389827,1.2470737661762092,0.17393599349579258,1.0568905197969165,1.6365191012250015,0.5552890739675637,0.7958478584966083,1.0950024635973408,1.5373097471094528,1.6484442674401394,1.8262532846260018,0.517792883122415,1.7320911880440335,1.5492824638079885,0.7028988902693788,1.6587696287050886,1.0197832230176394,0.44872079912012713,1.0410986138586242,1.7247244301402336,1.1869177240452244,1.3636424435127532,1.6283282442112095,1.4118847196011082,0.7730815845569827,1.1159027190570112,1.7921576908529937,1.0559572573128773,0.5565357907081269,0.4858192996680496,1.1490271854730485,0.5491529553583616,1.082931695157073,0.9656601002328051,0.652224408485799,0.7858499644902106,0.17798462121245337,0.8149594870085104,1.533629361826939,0.7438896636005983,0.6247459542996681,0.6371416162273251,1.926503622592128,1.7402699313193362,0.8103928045589258,0.1430959558442386,1.9832022075904259,1.2471087271785641,1.7387356881282598,1.337767160090622,1.1643748941065153,0.662591940751153,0.3141312408775132,0.8733822745676824,0.7670110652867171,1.0679389176984984,1.2089745297779988,0.3325306741260457,0.7285731024845733,0.9977328093810285,0.0,1.8191484414366672,0.2478833282390543,0.6513432704874375,0.9098160918550315,0.7639987945810806,1.2940806262029856,1.0670504422161764,1.123847186299289,1.8127332058497612,0.5568826740835854,1.528453908861065,0.7962590622699139,0.8429101344992881,0.40599379438087424,0.4398386174059081,1.3052042740453755,1.1564652556619974,1.2389934390563628,1.4313349500609396,0.7503656560323091,1.4191830733785704,1.0584604972285978,1.557408871200268,1.7204969033825694,1.2335328878920553,1.6198194516333069,1.601747590122426,0.7915971784302505,1.18547506354602,1.7296931355961156,1.7414463677960428,1.8449211477941578,1.3897117468317541,0.8744361932852762,1.2097287843397455,1.1299026016995395,1.1601563848526129,0.34200758718623636,0.35126028977512247,0.5409654566026766,1.407715761073928,0.3961994602734771,0.5667381353144038,0.6563174266553992,0.2916240563044146,1.4454318918528213,1.8387705513200003,1.7352099615008916,1.8376178590639036,1.2914409854924067,0.49965717078575334,1.7770415521228702,0.9213880252260764,0.3680719314777986,0.5059929164439598,1.382909754525113,0.7140035994158093,1.8642864778729389,0.6220520789307045,0.6497521138635658,0.8849802370459982,0.32803356275112083,1.0520422758073795,0.47533160797588075,0.7888491072356306,1.1047006562077186,0.7166527545394946,1.0752335585444053,1.310157965263117,1.903841358183365,0.7056625222544626,1.1400449202159075,0.34992248854030394,0.7765455701555992,1.7800313539707884,0.6777835730675971,0.4855180812839956,0.6518139341860397,1.2787648129781333,0.563030252832986,1.2370875573380202,1.2294951190265175,1.1933920233157547,2.12510157957877,0.5080365621880337,1.8508614650371673,1.648227132072077,0.8736671722547509,0.6022376498989794,1.8840322365466882,1.5712340122168902,0.9082226689648001,0.6053019115574276,1.7775751033945542,0.9035324324278239,1.7218697221011308,0.7566446176189043,1.1284753003413817,0.8516901097458134,1.3597956543967304,1.942326943515445,0.8305845526622051,1.6100124053384253,0.1824407472877845,0.9952076548730415,2.08945100706456,0.4154424989379902,0.7927335772523597,0.6826214112200496,1.0982317203276657,1.4677191459408345,1.9606302233301818,1.4925798175686837,1.6974470574498912,1.0972051562341147,1.1711855222828467,0.5683233009917078
1.4182575328164275,0.4073006965737787,0.12668314404805606,0.7347466148919887,1.0248420708773365,0.1311889433160253,1.0423668213443862,1.3626613361865418,0.20934409340032925,1.3064245399105898,1.792655962165143,0.664965996030606,1.7118404463891883,0.7289859711303651,0.8933916656646191,0.8846846814455788,1.2692218573610106,1.7790620123864413,0.9733427366076896,0.4861548099177207,0.8554191407935764,1.0870354929485604,0.9421448914446772,1.6097559645624233,1.2730479053331034,1.7670504430717988,0.853794998261689,0.27534049357705026,1.3140903865063969,1.0822151562044071,1.2093161044836531,0.6125552071187804,0.2090557433672107,0.5999501585166039,1.8872459799741632,0.30022279299097354,0.27356715266675496,1.3323729265880757,0.3422111948750898,1.5177990013264062,1.4784858642674732,1.1505507349685302,0.12784313574862344,0.7610380171584864,0.4753972091923139,0.1908204336692381,0.44327757244283483,1.0639970284455793,0.7570536536424806,0.18086763776594822,0.8069504344373826,1.3916376267007977,1.7913566903960354,1.2483131866455266,1.3187138798618463,1.0537132103996423,0.8961330332899811,1.2370037654474757,1.4504596695152974,1.661781665236415,1.211051223493634,0.6073718576320541,1.3960936835127613,1.644788999048417,1.4513254366082653,0.7932954766598902,0.272831138821091,1.30008723368171,1.6922212456325205,0.7221170476919262,1.117415816421015,0.9553928357402531,0.9661242784652708,0.6630727257479606,1.3144447369352195,1.5905234328783946,0.9843445366797406,1.523987492335554,0.8918506091478364,0.9148029067020194,1.7082826101807635,1.4187935397515619,1.0886246850295043,1.8191484414366672,0.0,1.576523511144149,1.3064013139349682,1.0806983155175867,1.0741681680971833,0.8553042576835835,0.7521037710511728,1.0295602585289916,0.5833230833287242,1.2842215616696224,0.40346758088870277,1.397334476965526,1.8010634492931274,1.5981401596066045,1.6656436985762422,0.5140968058265686,0.9323679396818504,0.8607570487071301,0.4053857403375223,1.312463128948586,0.4140997935197985,1.0853460718983954,0.4873541379567292,0.887326213182751,0.7137372061453342,0.21789065830545495,0.7920910764644351,1.3822748206609492,0.7248937424972263,0.6492719511041555,0.5300999529391777,0.9541942949426225,0.6531403152197389,0.9844123756645137,1.0679515135761137,0.7973695805741039,1.10710711169019,1.5587252761267147,1.608975850770328,1.7234267108747088,0.6248559423182629,1.4841845865553633,1.4522331249325944,1.387741879968326,1.609893383549473,0.6987391306515033,0.9437951492028865,0.25113968712946383,0.34418160619893323,0.9827945759253827,1.3714071151000384,0.7166081894213016,1.6277895349092621,1.5511325977618386,1.3215304682574012,0.4664821409775607,1.1316526899570563,0.10014167088527035,1.4362789356878691,1.2980557543834716,1.3513054770125463,1.7019462029377412,0.9074041343144328,1.4879088814739125,1.6732367832510804,1.3219526472308623,1.1052714708194575,0.7616087679787242,0.7647511903884014,0.12023771861961205,1.2302481181786824,0.8516908229891287,1.6105139755700044,1.2644589870788119,0.6476768535951627,1.7002498862037634,1.604216266631696,1.835404831555422,0.8772938697212294,1.7742764837829208,0.9644704823226683,0.8737084281088557,0.9226839913508735,0.9385912030011597,1.3178709743583783,0.2748176843460557,0.8715986621589028,1.5261521305554693,1.433417555666556,0.07167032362169252,0.5800647070030548,1.6907226473358659,1.4298591838060943,0.2063040119925899,0.9831157452960275,0.6953396608862075,1.4951440314372604,1.1385065436294424,1.3541312812187394,0.49669634319787487,0.8721002880129546,0.9996087640276687,0.7156941910962235,1.7828941153659015,0.9163742465441213,0.9243055462407952,1.465897548282136,1.586159707653214,1.1991257072995563,0.7571530093421277,1.0063333415496056,0.6380877603759876,0.5457985528064647,0.34412055113618667,0.8197608668039702,0.6530719040673845,1.3475768614591723
0.6031821871658392,1.173159445054938,1.6907123372731856,1.3475046612671362,0.5620125326427986,1.5578155905670419,0.934626769647023,0.8690025344629615,1.3924144936240435,0.733527755984836,0.7069954905980758,1.3010490966626393,0.13722828319033875,1.1265817369356144,0.7432821382558208,1.443394510622719,0.911184696638123,0.2179141036316489,1.4223495684440317,1.173958674925475,0.9336140189395743,0.49576716805144444,0.8226960768449331,0.7302116495446745,1.0489497975097952,0.2794797350220634,0.8102140994125568,1.389400643941763,0.3136534549007668,0.58812169002229,0.9590534551249515,1.2921041703463865,1.4027341667210291,1.581124020123359,0.613520811968507,1.4843366549280153,1.30540906552823,0.4937015555964172,1.4109316254497875,0.8644919273704464,0.246580723520879,0.8901892562067233,1.4851526301642335,0.9739638532838034,1.1273560052298846,1.3858106335332998,1.1774546155649792,0.5476096439501222,0.8680236609270372,1.5455115325724778,0.8310109649961357,0.41883150146014025,0.5454971729968399,0.9471987117792254,0.361641279495329,0.854519709639437,0.7178121842557563,0.4112669765796576,0.7017057212499317,0.09001452267360738,0.5908784927107805,1.2882560602570239,0.6392088699532146,0.6098143100487072,0.5436470554191536,1.6861678020761561,1.5087293730272595,0.6800576030228366,0.11637427374360836,1.739915337685685,1.0304465932274938,1.5082787798319084,1.108356379867392,0.9187539614586471,0.5141662078105085,0.24831293021865883,0.6256073158783566,0.6157951106776085,0.8239033855059522,1.0237012673625419,0.36541866485522845,0.6306878580841099,0.8293700347643822,0.2478833282390543,1.576523511144149,0.0,0.49647151775129345,0.7280639030105226,0.5394708671766515,1.1044454021203025,0.8249433861910386,0.8945714019817351,1.5672977645890054,0.346857112569275,1.2993852179755505,0.6119555301135658,0.8632782333930882,0.3650127849285984,0.44102232411460973,1.0624600478139823,0.9194680600638988,1.046969718610712,1.1855594482609515,0.5414840287814225,1.1812485238966224,0.8325973405554932,1.3099389219332362,1.4865187840321115,1.0180703019122503,1.3805187100628549,1.3635445398254937,0.6858453805289736,0.9659797241333371,1.48610602852217,1.4951180321225714,1.6128634512585667,1.1439554804125307,0.6266882586455433,1.050537973793507,0.9161442227352156,0.940593580402807,0.2538932848577372,0.3112729415461159,0.563938154255874,1.1614278252901902,0.1771503340957663,0.378090984967306,0.5383956180992111,0.23909936007252278,1.2421056304415334,1.6062666637009069,1.5024084723167899,1.5897364197333717,1.0626037745836172,0.32370368501728086,1.5353941255868206,0.7942407078481806,0.28273327782365454,0.28558855001248995,1.13618554831335,0.4662136681378867,1.6246059454908406,0.5202158396873762,0.42323205453353063,0.7751771215385418,0.35688896387603997,0.8496939299998719,0.2857329876193557,0.7751559350142503,0.9924956572744917,0.47163807445833783,0.8282582031491363,1.1085720281153362,1.663955281485927,0.5315642512226731,0.8965552066218023,0.31097692824699597,0.6302053238243525,1.5362619983808055,0.6806606097174807,0.3590027529475542,0.7059140681239137,1.041576461884125,0.605177128397554,1.0615299119421304,0.9906640436520298,1.0084035332415782,1.8868666788164925,0.28517284032759177,1.6032424000861556,1.413906448558606,0.72281583772466,0.49620266800002827,1.6423090170255126,1.325450062140996,0.8915698167348888,0.4980897885169918,1.5428702983256313,0.6569777350222648,1.479726124761575,0.596993392901853,0.9794037943669929,0.741007045798883,1.1264611902905073,1.7048240915177515,0.5835971853943874,1.3685978097426237,0.2992086242755582,0.7492208982387906,1.8513931950167843,0.2724765599367146,0.7515957568481448,0.48639792395482845,0.8701686898683012,1.2424252202540773,1.7154848477649844,1.274971975290258,1.4495740988201586,0.8504464696195234,0.932853238723385,0.340296943423598
0.17662815426811462,0.9471475313208473,1.4012517091221741,1.3254071760961956,0.3692834984034309,1.251767264417906,0.45256463022168597,1.1309538225336708,1.100738101903828,0.24591031909784386,0.5154747081710495,1.2537603970397293,0.6091397952674704,1.0982647715177931,0.7079552797620433,1.4662785157517149,0.4180886269416319,0.6988710682481433,1.4777799296809284,0.8372301589858346,0.945279004970979,0.35169519844045405,0.866562929968248,1.1090349835116382,1.2548256761623795,0.5270136214735002,0.7777924148836655,1.1932072953481871,0.5343992537811321,0.2309632536965661,0.4627200690995254,1.2240414591230466,1.1776681812838192,1.4950117268965208,0.5814307852103602,1.307065264533735,1.0615502073223464,0.7656474859161501,1.2448625741908836,1.1882968437072916,0.6300229563322725,0.3954733701095624,1.1928586403156316,0.5805010437627925,0.8310501588747713,1.1230552424461184,0.8660438038485611,0.29468063694660007,0.7731090755059112,1.329942810305936,0.4996120293139125,0.09867796547274371,0.48511760238713864,1.1533138964695417,0.15158054835906398,0.9708799300453741,0.6612773927528401,0.5809065189118606,0.2736956957260295,0.5762821640306144,0.7838979279979181,1.2179715079973494,0.19112612838605322,0.3617559367944224,0.1669947386778668,1.6468662906944822,1.1673636527920466,0.1904636002216186,0.5873454406226396,1.6691836957151622,1.1750180910503898,1.5469389963055629,1.1854442991565066,0.7365302444219728,0.023967398485973623,0.34393778132058944,0.6030000929503899,0.9785572348235115,0.8309678848607174,0.5622348547291798,0.4206608908474207,0.19811173460653178,0.34644919085595216,0.6513432704874375,1.3064013139349682,0.49647151775129345,0.0,0.2669573430457838,0.28531579256174955,0.6493860821297657,0.612764903344704,1.0000214243345762,1.4773724033886477,0.20814982110549793,0.9533726473807584,0.9160101442444546,0.5888014265860855,0.3048524287846937,0.3609751529137067,0.8250935810856199,0.9740144921779886,0.5971077723495224,0.9762707250184306,0.8007052042222426,0.8925850409414017,0.9651784020531909,1.192104368710866,1.5053646918306347,0.6307019321571249,1.0907003942554891,1.3612924764899441,0.22533857566469379,0.5968930834989784,1.4254049446872947,1.3940293252068963,1.636163919639067,1.0808059691262906,0.6056262461021483,0.5605520808649891,0.5292043972255058,1.0846388988175766,0.31271902242200345,0.3333944898211384,0.42143954841114667,1.086919035876935,0.5683631064759199,0.7332619066977335,0.1066831309091486,0.3671021938961947,0.8127159644129727,1.6272408970803214,1.1676167603494734,1.4219487085852105,1.1478765085685887,0.17414173915955186,1.49217576366155,1.1690204006342089,0.2912423764115048,0.26560388342355634,0.9493895315576547,0.5089743484600028,1.3281714587181073,0.14271128140109796,0.6627393533628833,0.29846151616520566,0.41624018475655766,0.4311286493305636,0.6726961649557957,0.45892746527844985,0.5044709181506304,0.41758668426921774,0.68925806300013,0.6778361909344258,1.3678249077299276,0.07615798037340299,0.8971493708291159,0.33505286410260504,0.13389390331170953,1.4704080227061875,0.4327742901800922,0.797594668890611,0.5499938691458257,1.0779203751627546,0.4746219760185743,0.5862180536562827,1.021111901617895,0.5466514866221098,1.8558826924574456,0.27260026392633074,1.412762307718459,1.435374330529521,1.0708477631557736,0.13194248159175534,1.3616321057680842,1.2456265695504605,0.5412642712264725,0.12889331625087397,1.217115072887883,0.6646771351924244,1.4350122582379434,0.9496848708621854,0.4844708425202061,0.2663539544440471,0.8118487882183335,1.6873335388478825,0.5127205382936514,1.338599808373801,0.5366726802156281,0.7437085648280598,1.823192595515982,0.2375555783079533,0.38951226138415224,0.1366553683662798,0.5496972414336746,1.3277191764423446,1.622471755303748,0.884642623005743,1.2864765911548288,0.8083539747300278,0.6700047767159644,0.6118273378345107
0.3384291619712635,0.758153309844861,1.1658458970920915,1.2203996267643151,0.34705370718607154,1.01292187757744,0.21145047006316042,1.1912684634393125,0.8717070922093594,0.2399297841416015,0.7120491162040778,1.1395699740670233,0.8531423504730233,1.005210816784689,0.6626970392147736,1.377817664385054,0.304719980420723,0.9414441203640413,1.4059582273374853,0.5981779974902174,0.8893263516971804,0.3788042894166027,0.8385957579751678,1.2347263549670842,1.2763794657697352,0.7932244514844339,0.720878717255603,1.0054181319839763,0.6672508245947433,0.18015003822020315,0.30433546824288504,1.1006626236676023,0.9764652126802968,1.3492913453753035,0.8199506643484711,1.123683325991792,0.8564714280330624,0.8697170371887295,1.0696807417822052,1.2784649134763304,0.8036110432733904,0.20965530114895828,0.9608560701886524,0.3277363603206803,0.6125475384908012,0.9062465914050905,0.6376874329742002,0.28095728097997347,0.6801919369437743,1.127588716179186,0.30034263611068607,0.3655758810687989,0.7274826838631199,1.1820730973195683,0.3676149091699113,0.9688212667775545,0.6138839363753216,0.6770188947626233,0.37485704381517815,0.8144966315577907,0.8470273179735408,1.0937900048464808,0.3154551015330935,0.565779681172623,0.37811303335906016,1.519246070996579,0.9173626172722601,0.22156619793045407,0.8308860850615307,1.525198904119598,1.1691424129613657,1.4632191706432414,1.1425048136491969,0.5960243924181112,0.26390025364137004,0.6088976549395658,0.5913192983172284,1.103995974124991,0.7878510440248122,0.29922083426362955,0.6854804657140058,0.3380952753087697,0.11559038937790755,0.9098160918550315,1.0806983155175867,0.7280639030105226,0.2669573430457838,0.0,0.27951361694729343,0.3845749911239368,0.4759985412400228,0.9889327038846991,1.3304157531152658,0.3866897358535389,0.7062464264346558,1.016878764767712,0.7308694982284818,0.5695145942145475,0.615974362387216,0.6400120300921163,0.9382799471390065,0.33083337487559744,0.7941925967789784,0.8935593239730707,0.6741585374307543,0.9723946401200204,1.0444355663972262,1.4130331840084012,0.3781075502770413,0.8628200025682976,1.2648047313930066,0.3051325074863161,0.35617793785283836,1.2953931737399371,1.2448394560187817,1.5409388572546434,0.9702026051258213,0.594091821266038,0.33492843956984825,0.2840544328641341,1.0859253658869483,0.5769848102888762,0.6003159650226206,0.651818440374599,0.9696344982860083,0.7558847589489859,0.8798206567447373,0.3183835787756975,0.6319224446529618,0.545851014019308,1.5311361626020208,0.91986483952892,1.2389220508230325,1.1122555768160953,0.41237403156627345,1.3682746176377814,1.2891319908510885,0.5571180709991255,0.45276552610561543,0.7816905591183947,0.5663955606489387,1.0914715855379977,0.3682464945500033,0.7703730763722533,0.2975764164987288,0.6815314058211278,0.17583688581199478,0.8411946956202634,0.5992930012941974,0.39839295058127044,0.46250298824045993,0.5845047559645669,0.4112142834097033,1.130503322517673,0.2042542811942674,0.841015145298186,0.6019741920682352,0.18540559542486665,1.3358609213608421,0.619551781207945,0.9766512729064918,0.7553909547074549,1.0218133672628251,0.699877306692151,0.33350627294519936,0.9672140929502439,0.28365553694996426,1.726291174027042,0.4561859290438191,1.2193637622673195,1.3476297066790897,1.1817689605631703,0.3715844756533116,1.130389059537035,1.11476648307139,0.637512557471164,0.3677714954962979,0.9716613811240455,0.654126854156009,1.3127881422106338,1.07215856056168,0.2876973206225556,0.28896621614044815,0.5850093902507802,1.5694033453740361,0.502227783510035,1.2287261833999845,0.8033175929097683,0.7085124233384792,1.6958487497216712,0.4947883192503203,0.5133535724124161,0.24402774535197166,0.348199918723181,1.279715266551516,1.4689936587591765,0.6240034492559886,1.1109074432241695,0.7407805846198047,0.4881067060879782,0.7445906997193693
0.45397167973678304,0.6904234568319995,1.1798248010359365,1.0401194105323122,0.0857288121985815,1.0383701323695709,0.4797393909408874,0.9150385626796641,0.8773061145780178,0.45173337598537155,0.7985964254552668,0.9686037795406187,0.6757678946940906,0.81323572910951,0.42803799783130864,1.182278605954684,0.5721803829511757,0.7566411042813364,1.1964673138147386,0.6398613192490984,0.6651318654301165,0.09930948390038061,0.5944588261766642,0.9576088017402434,1.0114308059010968,0.6940071541553686,0.4959673176672111,0.9305876912060426,0.4004310587517358,0.10090111728909822,0.5820132635986266,0.939598875725595,0.9245562840121737,1.2132837394164135,0.8430564994425346,1.0404555092781926,0.8140924314004719,0.5913238694153276,0.9747285238171691,0.999093974476047,0.5522203029292932,0.48861337275417965,0.9709069899105903,0.437673290514358,0.6058083628587724,0.8850085662416163,0.6510406705100494,0.010441853001369428,0.4878259948721964,1.0753219371904186,0.2924309954137696,0.3415843751863721,0.7460318369694158,0.9140383897823285,0.24632982941276704,0.7117724572318833,0.38011314673624425,0.3993224253838261,0.5380113520517229,0.6294486668849311,0.5687659572452104,0.9336283118873774,0.45650943880461564,0.6453787367044443,0.4523102298859325,1.362167111948488,0.976662716599783,0.4057993106382391,0.654066731161868,1.3866475886582799,0.9155623301642896,1.2637042895432922,0.9106053307142603,0.4609523603407079,0.3042703142922085,0.5164047651240828,0.3332717432185622,0.8274587524323428,0.5532363219615765,0.5259689442914611,0.6387663190295381,0.47027984039759835,0.3943273361075899,0.7639987945810806,1.0741681680971833,0.5394708671766515,0.28531579256174955,0.27951361694729343,0.0,0.5950559754911204,0.34085803013128707,0.7366464026347262,1.1959731856487144,0.21135262974565536,0.764461607496963,0.7376656093006071,0.8724267536314045,0.5340443152339748,0.6114954777977645,0.5698957587810606,0.7001271474961583,0.5359604901291591,0.7142589435208172,0.6141900268762504,0.6640882889133412,0.711109929922725,0.9122638638233852,1.2210004591546932,0.47991626448847524,0.8660947934881182,1.0763973050841198,0.4752836216983584,0.426616682904202,1.1412632209824205,1.113482376626271,1.3516740237142615,0.7956831188448973,0.3360346881717151,0.6052812466321584,0.3798097856816019,0.8282863833045947,0.4847471208376997,0.5378464012534718,0.6940756773681309,0.8022368025731778,0.5170461965735884,0.612044966591694,0.39079146588427505,0.5357353197377434,0.7115531804828733,1.3426621339100067,0.9721745933662668,1.1540451773283134,0.8753336871655468,0.29815705560735206,1.2073432059578935,1.011015398827173,0.4784373217918062,0.2581957471722056,0.6800901566785914,0.2869672539432533,1.1099239697177112,0.4275143244074478,0.4933754782985169,0.5153018971177212,0.6318663976116877,0.33061883892220717,0.5852078382864572,0.7410536527342936,0.6674372359682165,0.18301048186727176,0.40543926344046666,0.5818684866937325,1.1497623340961132,0.22357224304243847,0.6165831092712918,0.5393253485023751,0.33679508346515996,1.1867643151356781,0.7177625330978048,0.7229999348840505,0.8306289162900746,0.7986157980967693,0.7486637914691939,0.5803538280730407,0.7420191106171956,0.5121845353801346,1.5711652687252797,0.2567438214996853,1.1509437681794772,1.1514074136324999,0.9029347276555308,0.41407762916476387,1.1352306326367343,0.9620532167195847,0.8141913087772533,0.411484180172402,1.0158637896921083,0.3969251079831654,1.150121560039317,0.7952621493522454,0.5667579498665009,0.49231271263927584,0.5980329281767439,1.4020767626671313,0.24080158293630147,1.053290139130471,0.7093758904065718,0.4673526099992852,1.5383249197913818,0.39205496477949414,0.6666698315838209,0.14953278040003118,0.3342942240521471,1.0519757162485042,1.3421494030884062,0.7356452921131245,1.0160976253437919,0.5248769352432047,0.4214622085838887,0.4749375007981747
0.6782172047892824,0.6642079056287571,0.9087058709664785,1.2271065975667266,0.6235817067010254,0.7550082402641247,0.22333205396636846,1.4175160093967987,0.6561742086558394,0.5262645246664264,1.0236351369013175,1.1381192002103042,1.2332461815741065,1.0512275222148622,0.8269997802389373,1.3996053904379144,0.43259975574003307,1.320456479152766,1.4513336122365283,0.3988309871618201,1.0031829378390107,0.6808492217497117,0.9952411779540119,1.523866447085913,1.4541013990067733,1.176395006322778,0.8594739611941747,0.8782784472708116,0.9927093037687477,0.5208992965965884,0.3640921086709258,1.0874252491048968,0.821924316581451,1.2770098739301194,1.1650807499026201,0.9946805690791093,0.7075472411811912,1.1581561763996424,0.9627403096427881,1.5315318753609588,1.1472691294663613,0.32969030496926166,0.7274670980454303,0.21911637328160408,0.4771511441576844,0.7207208128450406,0.4650892923875277,0.590821631530803,0.7775532317071142,0.9563931583665677,0.3802284231637225,0.7479255609500871,1.0792010167890633,1.3739327882841408,0.7484832716190492,1.141725213851948,0.7859405757499411,0.9756072406258827,0.6695835388088283,1.1925995674229402,1.1007886358568344,1.0798544842906121,0.6435033165672718,0.8955298470357934,0.732995833372774,1.4690980025042415,0.6292473942230202,0.5447632357382763,1.2109514202018683,1.4461135519442068,1.320474401257188,1.4872861783095594,1.2476798180020714,0.6391552251547986,0.6434067865653318,0.9928401754900257,0.8077800943632873,1.3980052582609563,0.9328907480643388,0.0887292795026555,1.0614758126509918,0.6671643955149223,0.3146221527008692,1.2940806262029856,0.8553042576835835,1.1044454021203025,0.6493860821297657,0.3845749911239368,0.5950559754911204,0.0,0.5669576775227277,1.149035378787315,1.2571089956820314,0.7580157577213577,0.4520041499309547,1.293169111459475,0.9902485253445419,0.9462892750484995,0.9823510341875828,0.5823022588633104,1.0728648525281468,0.059098145855271976,0.7090360120056871,1.1706030680095179,0.522939472399792,1.155785147527599,0.9937942936229583,1.4266311536648686,0.22345403744351844,0.6517320406565931,1.2817166922223475,0.6121865460467135,0.2739147289191625,1.2546015481241433,1.1734397271723835,1.5429478075423726,0.9925172848224103,0.8101275527155758,0.2129950642465051,0.25645623621231095,1.2524044302156239,0.9611342094522014,0.981208706668757,0.996086471664011,0.981015484687309,1.1098411676237647,1.2013462672125848,0.682399708310871,1.0159323124880237,0.18478997546055198,1.5322525680853674,0.6396454532034411,1.1017572053251283,1.2298218247935897,0.7954029775799354,1.333104312778461,1.5711506976087781,0.9405543006112556,0.8217521063770111,0.729248542381126,0.8497154819337699,0.8348172853933875,0.7306118953368851,1.0692394236637055,0.550714441334238,1.0582911691292305,0.2645204635461728,1.1799617047147675,0.874264032609589,0.4709179786507223,0.7559751488438271,0.6881967954151929,0.09487460274309459,0.8698175577820347,0.5888018593662347,0.9612266887535428,0.9828613714929046,0.5441051741865294,1.2843905681792707,0.9307749140383434,1.317831742289883,1.0720047849978565,1.120071145830404,1.0373717064685415,0.11040295301538293,1.0744102057770446,0.10391872645482562,1.6634269671122062,0.8237182908017306,1.0614823619307237,1.3724561745322115,1.4592436372771718,0.7394711339449298,0.8867516284196263,1.0872687949327504,0.8655173531342486,0.7356599372863047,0.6956027888719827,0.8595600914082141,1.2841396303781887,1.3649604017355852,0.2916834580086383,0.5655485495378104,0.43224201502145365,1.5331283575460752,0.7403446369313962,1.2268594517225857,1.1858434892549885,0.8763346025836145,1.6380485452022913,0.8793188672008266,0.7894870941246752,0.6184693354645405,0.3858260006939628,1.3675677766405923,1.3755598598058842,0.3163719804849072,0.9993059107804497,0.861672960697494,0.49010647685541875,1.0641444107048263
0.7642759524279288,0.35424216701419586,0.8658341531838024,0.7444101717384847,0.2773572336318225,0.7358427187754912,0.5841034642997524,0.8615648481447351,0.5693097107288343,0.7108544315361849,1.1275086870802433,0.6638920737223772,0.9608569856023516,0.5318438719149715,0.2650492362502278,0.9032520211630939,0.7676204034367486,1.030614870944075,0.9358728825809052,0.3895628759174537,0.4426988286760857,0.3362663107800897,0.4284170054224875,1.0096196844002414,0.8872039316518481,1.0209074026886138,0.2925195542505601,0.5901921299174397,0.5804959594274253,0.3838690607722769,0.7444486176131078,0.6264384284467076,0.5882613525151912,0.8859008702511502,1.1831425291472262,0.6996069840577483,0.4832681625216402,0.6641460109127904,0.6343863556348459,0.9873551679220093,0.7494818890771672,0.6517844805098668,0.661270697509246,0.34809317229439896,0.3152235063047861,0.5612859146120505,0.3709170991050853,0.3304295893769525,0.2179346529216573,0.7373940108669935,0.20329095973713207,0.6803699126700525,1.08603463057069,0.8086028073237916,0.5857160347868049,0.5753879055999664,0.23055578781759747,0.5194332909315574,0.8304007961629669,0.9110571429926995,0.5747889895327755,0.6197395154567423,0.7562377411921936,0.9737718822846516,0.77645967719439,1.0476043698397903,0.7031323782210167,0.6802562678166082,0.9409302743116209,1.0612097504788287,0.754639539175974,0.9893082767646373,0.6940782492021631,0.12456125559765754,0.6277455059932873,0.85032509393494,0.2834415186599709,0.8945195194001871,0.3659410156342873,0.5432114985326545,0.9779007827076971,0.7746349823945705,0.5536090821913427,1.0670504422161764,0.7521037710511728,0.8249433861910386,0.612764903344704,0.4759985412400228,0.34085803013128707,0.5669576775227277,0.0,0.5820810988583308,0.867768033707852,0.5418995276675816,0.5098742829124437,0.7760733186120966,1.182209268336283,0.8747426693837683,0.9521419954184202,0.23825958647824114,0.5079553656947092,0.5186969348478082,0.3747177743722463,0.662243923408307,0.36218883509822564,0.5908173442651696,0.5812814153589688,0.9377493761722606,0.3561924144855792,0.5572059793132791,0.7893395028762646,0.7614636302999213,0.2966408167235715,0.8239509420943784,0.7834631778353227,1.0651644869461518,0.4942177030567531,0.2848975295723327,0.6889047626085892,0.3156759808595901,0.6854474328969102,0.8196907483649218,0.8764587725483386,1.03101569767122,0.4939049056306905,0.7440446109413358,0.7520620191657075,0.712119678926983,0.8681773277814956,0.5915869803656244,1.0553104328928729,0.6930721630414314,0.813336165168491,0.6712170075486673,0.6361978300326703,0.8950673025112245,1.0483186855065239,0.8159772506268889,0.5727855048713071,0.33932051300644395,0.39842175590498324,0.8004309404399611,0.754600559883642,0.5990696802446606,0.7714893741810319,0.9707490137822352,0.373724491106059,0.7668669106665543,1.0489236444613037,0.8547945974604501,0.3551829986706163,0.12301205607549778,0.5023374998296816,0.8395801046736142,0.5408829632792954,0.3981136160088825,0.8778924708541134,0.6217985039507722,0.8664113439554686,1.0420820012766636,0.8958993612023641,1.1627569936907807,0.5678404408270181,1.0851487624890495,0.615292130235632,0.5175698942049175,0.5367193250137081,1.255824372652105,0.5685412094322633,0.8104563382854016,0.8733177800631701,0.9359192683472232,0.7446251500487123,0.8174054380313268,0.642921985979039,1.104087476428204,0.7416345197903829,0.7278084118920465,0.31747642768578993,0.8389771456478313,0.8617867141300114,0.6980872752260239,0.7587137369374218,0.32769485072044874,1.0951787366348922,0.2614372247121055,0.7528358643728309,1.0375723436321918,0.31336707826499854,1.2245073745649642,0.7281209711364106,0.9675453064827354,0.4843462713504091,0.18221587858252183,0.8236855594163776,1.0112866059267729,0.5431706040825737,0.6758573750597958,0.29668771792343795,0.12265281906234261,0.6284647300625663
1.1764814081102044,0.6842587703710618,1.1557012444455965,0.4931071799579333,0.6535157509018809,1.0849230125638742,1.1446959374761996,0.33392920688864897,0.938410555826899,1.188080688796876,1.4748850788587127,0.4791460225991439,0.9918438848891338,0.32537029796716826,0.3307440542482828,0.5550972172082959,1.2935635736102615,1.0183033895930413,0.5278580365789757,0.9008531907559124,0.17956539852718564,0.651136039335228,0.15482774201102306,0.5945851443448769,0.3055906868425333,1.1688024662447114,0.2895618145443437,0.7612670815784034,0.585552106471345,0.8311655619930683,1.2876010014061312,0.4974488844046116,0.8205222449127506,0.7621569319975862,1.4555578071676116,0.8007188252409232,0.7908596904531164,0.4336904681222035,0.7276155038191897,0.4882453070016124,0.6779264349550933,1.191669262813167,1.0040734548230619,0.9300857638346588,0.7968471501561433,0.8780098355124151,0.8508033610533514,0.730450071572617,0.3794822224019457,0.9097161433968304,0.7775147007714022,1.0180158180410326,1.3672629683319117,0.23742309902495204,0.8900643575902807,0.041498024672769626,0.37797768569949575,0.49069770356326775,1.2687870828953765,0.9464530857446237,0.3098803490031209,0.4973905906712379,1.1858679329940371,1.3312453067045744,1.1588893716557083,0.8201247955195136,1.122901565081241,1.1423532749901297,0.9812245591677802,0.8939289494966564,0.18021361885569281,0.6149192992694117,0.21405231501446545,0.5293910437372279,1.0225827847064461,1.0616054552531977,0.4034203817107455,0.5355908807606546,0.21614642927425054,1.122160648702637,1.206490892916607,1.1965186387488989,1.0908846887556702,1.123847186299289,1.0295602585289916,0.8945714019817351,1.0000214243345762,0.9889327038846991,0.7366464026347262,1.149035378787315,0.5820810988583308,0.0,0.7538414035875979,0.8228752247385914,0.9918474293986607,0.4182161682283227,1.5811961265474352,1.1424108425894144,1.2331407293230412,0.6591109166822932,0.09830135077778293,1.1003159900727733,0.6596607047990865,0.3911451681343309,0.8075187282969956,0.07212789318388126,0.5803456105975184,0.5984903738298193,0.9350741422492346,0.9268249684637538,0.4920985439069355,1.2093783313057416,0.8774718555767083,0.6519556432507749,0.7037766356624896,0.7212404539248457,0.3881143424880987,0.4006500222681767,1.2590337592300331,0.8963717119955837,0.10345972626634686,1.0424727017066915,1.1145193617670697,1.3453683302654327,0.41616614853089695,0.7280276312026501,0.5801893727640505,1.1054848115895035,1.0684867965886289,1.1584505125892868,0.7152779899630642,1.1040291668396165,0.8710949021546819,0.168048546076732,0.9182344665106106,0.6812173637762478,0.6037752326644605,1.0557380469599127,0.8023114218475866,0.5952581237498815,0.5011790964627,1.1168954356321406,1.1308020104804442,0.47423048993367534,1.2517320701928973,1.1976104428260756,0.9385475278626517,0.659438339105731,1.4556373010152888,1.3872560737928128,0.5828216375559655,0.4616544425853748,1.081958052049647,1.147213714516102,0.9531863542891483,0.20259852575499623,1.1153147754595203,1.0729951296098594,0.7018331468870214,1.4090630143130665,0.7187235568839937,1.4950223982873778,0.18243937041415892,1.398663556986181,1.193382735426503,0.16062951084344973,1.1144973021552311,1.0092913550315503,0.7940646866474436,0.9158090119221941,0.5270260299120202,0.510335385371659,1.1113201575695955,1.100517090984331,0.5385173734644615,1.5411362552178087,1.1098537230128807,1.1144094457903178,0.33972387755366346,0.6315010647807062,0.5138105643885039,1.2532872133435915,1.2289360049903169,0.8326091919478567,0.8257573944935696,0.4958613469119339,0.5188472991628545,1.1886139712668922,0.28241543703823924,0.9733787843609883,0.9765105050871612,1.3894745817513101,0.8684276333178849,0.7637946897709352,0.3493361271464482,0.8909847320158994,1.0781134003445902,0.7521116696145808,0.29104797966564216,0.6724643991388013,0.5564080302507028
1.6320439852293225,0.5964557599155615,0.6691466365444717,0.2721452583135166,1.1180903075799726,0.7065652009186079,1.3807373709722655,1.0360582766533923,0.6687258670807187,1.5699598764383054,1.9928412799994397,0.2766340694325195,1.6859881360501852,0.4480003734293543,0.8279162866128256,0.3457561405919904,1.5958703992338055,1.7295977573634584,0.4413835374862335,0.8627024385776778,0.6442723483736308,1.158605223249135,0.7586925995641838,1.3319167613490603,0.8793943774567415,1.816282891307397,0.7583280181379554,0.3911648191102872,1.258003114930202,1.2510017057370668,1.55490188939481,0.2755072087319007,0.4659288445262772,0.019911838745227756,2.0333203954670074,0.29541913049428087,0.559904687460227,1.1709814580282192,0.2996048131007712,1.1894824778664577,1.390667830149441,1.473179848287593,0.658603616700584,1.0827903362139943,0.7807086166941594,0.5821242312328984,0.7941303562493786,1.1859463790511693,0.7193135151024498,0.4025509266470303,1.0313331980397853,1.536793292473437,1.937093952866287,0.8987215128674567,1.4280171149552405,0.7926192195283703,0.8608830388506333,1.1621319298394905,1.6960264538906198,1.636682000448693,1.0396108862130833,0.27910418302752726,1.6234367492269595,1.839126693156332,1.6427546964895317,0.21935914599828144,0.8294693265357121,1.544069553784027,1.671132446339098,0.1948551450241901,0.747033075610368,0.39552387334756295,0.5861574675904649,0.7432122065673498,1.4935996229473218,1.6690633651868256,0.9487094017754742,1.2876350221038178,0.745543499657065,1.2849999885453658,1.8083950732524985,1.6421762943993055,1.385470397949136,1.8127332058497612,0.5833230833287242,1.5672977645890054,1.4773724033886477,1.3304157531152658,1.1959731856487144,1.2571089956820314,0.867768033707852,0.7538414035875979,0.0,1.372399427866664,0.8569684444040059,1.1720519774438891,2.0495046999737827,1.7164962450645034,1.800340402782065,0.699744827078153,0.6841115256626434,1.2379405105487287,0.5532120395210878,1.1339071580682645,0.7348578922753601,0.8255239584807361,0.28679005895882553,0.3325377668865249,1.0517052931347601,0.6655038737599952,0.30261015756515725,1.626512590242302,1.0278970318222496,0.1114067673279878,0.0858375307038884,0.37403940029932,0.4234391314535219,0.9471630104681278,1.4498367668103096,1.090456072084537,0.7832086380347855,1.6420821032100827,1.7073548461383579,1.8895734611509094,0.4074193152913385,1.424669744399535,1.315147826216288,1.578820980473729,1.6827903435387956,1.1530205860506275,0.36405361445209933,0.8053587291084139,0.24628096568189892,0.6244296420713533,1.4732362865247692,0.14434536344101365,1.3279737335445532,1.6452279398003045,1.3830517787751404,0.5512032595263273,1.1056395870993938,0.6803378794506919,1.6199504450085416,1.1833199975536823,1.6277989772846615,1.8003416306479916,1.1893476492975752,1.3822758035761673,1.9161977118370366,1.6713662812664993,1.1334782433464738,0.7913249634422864,1.16303119643611,0.6867160059576991,1.4073320690016171,0.6747021929911861,1.7085887412415086,1.4882840834666096,0.07670001696069313,1.9088695121551162,1.462019928424093,2.026260631470731,0.5718280998199365,1.9442971912348517,1.3513792575935717,0.6066712574527549,1.2867039650148044,0.4064724575006743,1.376523455221992,0.3200367200465957,0.34570508463988303,1.249778018691128,1.6084906378181625,0.6276356428586284,0.24223230149193645,1.9668005194265248,1.6056864607860497,0.7755675138976066,0.9108219447707447,0.15189869310058973,1.2671108278817547,1.493599481751562,1.6187482468588879,0.8250074551308676,0.29413101751245485,1.0128315425641958,0.24451972689782406,1.835107671888614,0.8181296482934259,0.3810981637997638,1.556878635915749,1.833974850562641,1.3447040425689378,0.9861615323427599,0.5493171811704641,0.1487355604101129,1.0068128011376394,0.26979984394222684,0.7185724808189516,0.8438401654984742,1.2570843667024219
0.3752246751382365,0.8954511196256267,1.3908629051365948,1.1929293333049862,0.2649043902536966,1.2497224876805098,0.5970086055549086,0.9281612807876747,1.0884627510652622,0.4496309486866137,0.6538716720541141,1.1291136374853685,0.47868583931399833,0.9636050523001867,0.5616005833968221,1.3208109398606191,0.6130596158105891,0.5640537889814169,1.3224755897972438,0.8495923256002844,0.7929814260767648,0.21439170322235224,0.7017593461275232,0.9014588249117749,1.0612555695445631,0.48300866300090345,0.6340065512021682,1.1310363383263833,0.32625347502949154,0.2420955525119005,0.6473525983425761,1.1066691614143274,1.129751517076711,1.3887459882227366,0.6625795778818914,1.2375519916838564,1.0216777324171702,0.5583084801382591,1.1692147403192887,0.9809381882544176,0.43043301846399157,0.5672741645875296,1.182063658204442,0.6315533035700034,0.8171287900202476,1.094516892024698,0.862285137442882,0.22119571040096922,0.6534215648449042,1.2792864428127457,0.5003227462863583,0.196410152965657,0.5675238335988722,0.9584839815927618,0.06772227878329168,0.7904176375152134,0.5200234642659288,0.3768291038594027,0.47718384228993443,0.43583269354353743,0.5840815153108013,1.101342000815043,0.39644504356317317,0.5084037946730587,0.3434391631972195,1.5246189987862047,1.1865912544513657,0.39436466940865883,0.4564923912049793,1.5588599573552933,0.9923523879987113,1.3975041222004378,1.019589353226576,0.6556028343462073,0.23188461804019345,0.30844416555633025,0.4449944713236508,0.7707693997957246,0.6760606459951776,0.6783459109078098,0.4390210587553805,0.3998586935663358,0.4943535917850369,0.5568826740835854,1.2842215616696224,0.346857112569275,0.20814982110549793,0.3866897358535389,0.21135262974565536,0.7580157577213577,0.5418995276675816,0.8228752247385914,1.372399427866664,0.0,0.9735629810675476,0.7084128594208882,0.7600883060007149,0.3442894766523698,0.4301048831140793,0.7764685739123864,0.8095996998419488,0.7003208251973085,0.9165150541961908,0.5944788024177905,0.8752142374832518,0.7809401162469516,1.0942239214940959,1.3616739314203483,0.6773732608099504,1.0771971191479501,1.22257764767991,0.4331686832519753,0.6286046401594321,1.3084295361942218,1.292448037537139,1.4925038799376658,0.9585526270249067,0.44728932434016744,0.7175044450196658,0.5741351332128241,0.900508293105326,0.27785499628201143,0.3372772133114202,0.5306413347037597,0.9691992156829364,0.37489630507697325,0.527050961296918,0.2998957283853487,0.32663364368146314,0.8962385498396609,1.4842331210318895,1.1825940513830198,1.349548065846083,0.9791038429795629,0.10151542516607147,1.3695934318273792,0.9611533412328356,0.275718011864111,0.06643895094497457,0.8776862469789065,0.3220147476729658,1.3211637900628534,0.31460107769819334,0.45563442574097884,0.5052766316033902,0.43143640520779525,0.5031445618509414,0.47159446758550866,0.6380530631750381,0.7036724926046364,0.24927134405607368,0.584989591863799,0.7622158445378928,1.3609915572579923,0.20715316445275972,0.7468556463934125,0.33862172276176844,0.32962708625959897,1.355980038972334,0.586189768376065,0.6016746625207521,0.6773843218788678,0.9215424939568193,0.5852385193390616,0.7193524613500362,0.8651120200525672,0.6631823885834728,1.732561268517265,0.07091662615307108,1.3508506269931417,1.289954614394376,0.8626985085996168,0.2929170230692058,1.345903587235825,1.1332128232104204,0.7331884671160394,0.29201536887150753,1.22680743604235,0.5010017041720662,1.3122310672557795,0.7417024977086331,0.6553637087637003,0.4738502629476867,0.8091464117733566,1.5577692305003534,0.36461944625334614,1.2091130461267912,0.4986818806377562,0.5889165024384477,1.698613438678332,0.1871181177587648,0.5797302055337465,0.14266358838097198,0.5442320650631345,1.161960524305831,1.5203806974158396,0.9361160080641693,1.2101034594296507,0.6694648520500465,0.6311503798611562,0.40373947748636313
1.0437490340034978,0.32907922767735054,0.46657235422343374,0.8949772038389179,0.7386529018281378,0.31152872643948276,0.6427482825361536,1.3131027308547507,0.20745687915374156,0.9190141892422593,1.4142263694133608,0.8069307365850276,1.436553693964237,0.7794381611836263,0.7412688527375858,1.0681217746733143,0.8686941459400762,1.5136708299542214,1.1383621314087522,0.12555223146997052,0.8156629506681743,0.8057599077332789,0.85980558156406,1.5022683353940816,1.2844872743747433,1.4502026920395954,0.7340201394850328,0.4658195737484827,1.0854448351694608,0.7456071626323802,0.8070387946186365,0.7505987454735552,0.3950716936654168,0.8766015352547187,1.5253262786704165,0.5720315191713558,0.2998699095905228,1.1700468520173322,0.5577195813911733,1.4548228014483682,1.2546669464656897,0.7520776716221228,0.27570786325364033,0.37856902049983515,0.2025385026792382,0.28266760597082063,0.1450152787039371,0.7553835412635739,0.6284727560424529,0.5135891902379747,0.47327938798983876,1.0459314344536061,1.4317065625721455,1.2291038601462978,0.994480747514243,1.0011095287412703,0.721994831698861,1.0289627882144885,1.0649676860871746,1.3886855084022907,1.0706082440956823,0.7432362139277806,1.0175899951518907,1.2710998980752803,1.0839275417785763,1.0757879906206382,0.2145846531691498,0.9188778796894692,1.4152934128885737,1.0347027470844297,1.1318667690385658,1.1524583101281087,1.0143194007005498,0.4842071433404509,0.9574447719774667,1.2667309977164862,0.7902248348986187,1.3940403961125651,0.7967974755571544,0.5123665943113109,1.3698654928229315,1.0409800397195261,0.697598069309605,1.528453908861065,0.40346758088870277,1.2993852179755505,0.9533726473807584,0.7062464264346558,0.764461607496963,0.4520041499309547,0.5098742829124437,0.9918474293986607,0.8569684444040059,0.9735629810675476,0.0,1.2715143400831315,1.4096339480112619,1.2555844415571542,1.3138026532418763,0.33400605099001834,0.8971268989240025,0.45815075157594914,0.3688662245010973,1.163951065641281,0.1847816499567988,1.0260398897567464,0.6331059457580214,1.086080161059599,0.3283868649663796,0.2050326312893394,0.9544486747935379,0.9987322009617768,0.35651675519642506,0.8790356163997927,0.7793920273324599,1.1862792841726644,0.7048839439667728,0.7913829009474904,0.6645058033133787,0.42509508636389803,1.0894197601956657,1.234051255096251,1.275020041700148,1.3578018996727914,0.6837540775963703,1.242578857703905,1.2619363016704812,1.0227176020318227,1.2879748849970862,0.3055309035180398,1.1753507179865637,0.21432499670084407,0.6695367603062656,1.012387499954514,1.0476023105457948,0.9572618498904474,1.5349378125015285,1.22165031731894,1.0225249756952677,0.42052696408545276,0.9059233264892175,0.3916485612161564,1.0723846413311848,1.1087315929510428,0.9594756056301147,1.36451148905149,0.5304406515328557,1.2744646974409821,1.2846516969291328,0.9189167574557535,0.8485493903161894,0.5811808197996987,0.3613680029883418,0.42925777203741733,0.878643180374314,0.7895633760130114,1.2766366337831123,0.8915947718238506,0.898699449980822,1.320850180002452,1.4051234810301023,1.459152922831774,0.8952600261261999,1.4061237315961839,0.5610056214239351,0.8666968023828703,0.5208777389183654,1.255865440091435,1.0207420687800912,0.6210240150613312,1.0456228380494685,1.424294586360157,1.0730573454903205,0.43868489498236574,0.7371234612175227,1.2946497147361062,1.0693286077094586,0.26541642318940617,0.814413342805141,0.9165220759771999,1.361923273359012,0.7358142921476614,0.9653347248140646,0.18218023399325872,1.14722275338271,0.7694411132069072,0.8868369653462262,1.4640164905771076,0.7812588252224327,1.2342601581516706,1.1421097208898319,1.1976090401785853,0.8648579271633048,0.430254548525295,1.1036083471718998,0.9578564468516726,0.15253005763662492,0.5879486033699457,0.7147034063084192,0.387457512619555,1.1372684759796836
1.081797513194975,1.0116988608457054,1.5237481441585188,0.9092792521610056,0.6812171664876471,1.4307520219853649,1.214894481553834,0.25868165840978,1.2707494215923456,1.150464651513001,1.2944688765199996,0.8971054304926748,0.6673976158426778,0.7374814558349486,0.5308163608566503,0.9495489174954911,1.2983750977725534,0.6671860985811038,0.9020345536906821,1.1590183280076205,0.5574289719608695,0.6386970381081687,0.4570968469160779,0.233817463138255,0.45248093379225474,0.8876981357659093,0.5504903565454954,1.1438362120732868,0.3838518902629312,0.836892877891466,1.316616961633995,0.9128164163216695,1.1912061083925607,1.180248987986467,1.22329323374754,1.200076866654322,1.1364737298743446,0.15065949010264845,1.1247447469366212,0.2727448711700825,0.3653871119681771,1.2249326155472269,1.3492756704452904,1.0907034289181488,1.0691086533964784,1.2263149924295298,1.1268020728723984,0.7370529383132469,0.6549388642872795,1.2996585575848874,0.918785762978897,0.8922009359062301,1.1492034430674591,0.35863822988537497,0.7711789329791012,0.37999392756089767,0.550616520246406,0.34218612865940706,1.1847542160027147,0.6320542873083776,0.20157767603744334,0.9121826870364108,1.1047337038348548,1.1727087177406,1.042457664056581,1.2280271702243817,1.4399200956744436,1.0965071759092186,0.663755942652564,1.307952469763977,0.4796954070087199,0.9947567996069986,0.6084130923865905,0.7887432317399152,0.9398968586446435,0.8373372444007549,0.4959574034990812,0.12667529868781446,0.5055604312131317,1.2401506119944572,0.9714959680300543,1.1072251175451924,1.131967206044481,0.7962590622699139,1.397334476965526,0.6119555301135658,0.9160101442444546,1.016878764767712,0.7376656093006071,1.293169111459475,0.7760733186120966,0.4182161682283227,1.1720519774438891,0.7084128594208882,1.2715143400831315,0.0,1.4333835603271106,0.943171588922111,1.0302885329228266,0.9471046490472277,0.4958932100291781,1.236206552729133,0.9997407995558588,0.1239261544666587,1.0991082849896345,0.34674420353887037,0.9845050770493939,0.9921413669422624,1.113946938566186,1.2583974616483202,0.9028912527640945,1.1413338970398235,1.0515433952169855,1.069534387349818,1.1209467243415712,1.1042739572404368,0.791015396753028,0.4940870558936798,1.3399194949175415,1.041400369734734,0.40738296747156316,0.829533629594029,0.8993190000627315,1.1529961511979738,0.8174669044822644,0.43623992095273106,0.2346072735585156,1.0063769670878908,0.8356689110157423,1.3583191910874868,1.100114436028965,1.4246978292553576,1.2796603445088124,0.5632390055691657,0.775329676239968,1.0952041029729631,0.2779838342463257,0.851946045959807,0.6582746402845957,0.9353313501582674,0.4525602927067264,1.4752894181633573,1.0138312414270798,0.25370222413929916,1.2094378232231444,0.9626495562671898,1.0392463543005321,0.32823139762725484,1.3245927082822362,1.3928266703305516,0.5553206380736052,0.6903339459435168,1.2511987245981626,1.5094203274887623,0.8993465790566996,0.5498948845846329,0.8995510152048353,1.0280585954962278,1.1191255396486175,1.2498654766528474,0.32924857604412494,1.3015640668916817,0.6004766634534733,1.2002385639193955,1.3029532695831412,0.5713241912624112,1.2283563640250064,1.4072532755526361,0.6502378490808135,1.3186955108942402,0.9244247003510649,0.16655865257509578,0.9901183862290459,1.4689909470594902,0.9534166758906688,1.4298644182134934,0.9900870318624846,1.446211184562914,0.45948769130215084,1.0473560586110617,0.09870820693624022,1.3043925937006013,1.1793908587264206,1.0928756390616143,1.2250496399493942,0.55309993111767,0.9355441686128153,0.906951677310894,0.49433574414492853,1.371425394698054,0.7951275123577342,1.277790372203044,0.8148148024313893,0.9283000732315737,0.7150041628036812,1.308363711545184,1.3191606921840795,1.153561164254276,0.580438557021917,0.8953602523558831,0.31059540738756564
0.4199635442045384,1.4884391658031402,1.8761085735333334,1.9112622501927985,0.9573696034572441,1.7211419813245974,0.772904040453988,1.6730380132392892,1.5918760891546166,0.49559600770544454,0.173940401756781,1.8373067779100758,0.8966687533958552,1.6853699604218912,1.2967031205325037,2.054627273914808,0.5600971515136409,0.9687558223594149,2.066512545776444,1.3149104598977555,1.5339495760326054,0.9393728308854713,1.4528977249295507,1.5869535351423532,1.8186467877711907,0.6699481158368649,1.3665833978950637,1.7360263796171667,1.0564964020265508,0.8019297681025822,0.6334610691868994,1.80480434064523,1.7069483721219363,2.067816098329484,0.3637212775324458,1.8539809478490548,1.5867103319291058,1.2903866343546497,1.7983865602729958,1.7024267115906864,1.0882366025383943,0.6629955387347188,1.6773557737571256,1.0400761716596878,1.3410992450267158,1.6330687030080158,1.3616757257760237,0.8813151515023169,1.3584131153277974,1.85762718025251,1.0290375377541978,0.563813689731992,0.3594558444660868,1.7152461491809887,0.6924142524171615,1.5497484787687539,1.2500768068862207,1.1274268685006332,0.35631722439097624,0.8965609649901515,1.338134428556953,1.798446221561836,0.42606843286306956,0.2606761259843569,0.42392421267080455,2.2276450698317283,1.6090984680659794,0.5099878347021297,0.8833124090634733,2.243317575131784,1.7522864312273265,2.1356227331502478,1.7720892810815554,1.3066176038242412,0.5685226972519027,0.6150919361455028,1.189973813988039,1.4651968489123712,1.4192462553363692,0.910446642090256,0.5183955221550128,0.40769058461914714,0.7128765896393108,0.8429101344992881,1.8010634492931274,0.8632782333930882,0.5888014265860855,0.7308694982284818,0.8724267536314045,0.9902485253445419,1.182209268336283,1.5811961265474352,2.0495046999737827,0.7600883060007149,1.4096339480112619,1.4333835603271106,0.0,0.49944027694060966,0.4240485565225408,1.3691736919929913,1.56072009699751,0.9633509187612306,1.5234800095684466,1.332603898262285,1.4021865870948556,1.5409404650192466,1.7627410379808912,2.0934267586267348,1.087464291973712,1.5839460182485698,1.9486308895664826,0.42630635301047093,1.079145687735168,2.0046929246866676,1.9647360802938587,2.2240923266486856,1.6644714129623426,1.1925444188199545,0.7961175152084111,1.0068674181943356,1.6605494467830666,0.613716675575585,0.552006059676135,0.30572094962218377,1.6688395098745064,1.0150928356280933,1.2153806022851645,0.4822431134738194,0.6247820917354647,1.1747726350599346,2.2150611893819407,1.6160631025712142,1.9693199785660074,1.7334704395233334,0.6709088246956829,2.073758707783125,1.6506303336700459,0.5876409303975438,0.7911319519605636,1.5069482417282463,1.0816975863818545,1.8011736239144174,0.4513035124108778,1.192970496313155,0.4502843774444996,0.5249839119982601,0.8967756874267127,1.1321062858505593,0.13330714258295456,0.5516951331383473,0.9996021896932358,1.2709854467951731,1.0629958265959023,1.8388864341108424,0.6499999380445786,1.4858902885595402,0.5523132847694984,0.5614956102416853,2.0481141504746905,0.1842375055960355,1.2221574297329605,0.20524962868153454,1.6663545840616056,0.2802244663278158,0.8847424163588491,1.6095312530769612,0.8988041019127891,2.436434358393963,0.7995991154764516,1.9501971474617623,2.023742165431055,1.5687085401477805,0.4699928685637909,1.8455383865855939,1.823888556471566,0.13913752705056134,0.4715715997128552,1.6707941555476058,1.250580531331607,2.0169414060977164,1.4418880253174617,0.7039304075919647,0.4472770769742996,1.3106266514424094,2.2711491078109423,1.1007558799359933,1.9234826199450556,0.6604740733768178,1.3318079651473336,2.404457061180715,0.6382853789737873,0.21755270792532977,0.7253127729112665,1.0780263739033424,1.9145667091931515,2.19152043304903,1.297570953651725,1.8398085570734413,1.3968658294702154,1.2152056792717425,1.1240588358108423
0.30246594773959395,1.2235245526727094,1.6973776421776139,1.5352106559875438,0.6027888231393098,1.5499683236600057,0.7372209523778657,1.190421352659289,1.395314055499553,0.4632903520940166,0.35134695699164664,1.4727858386276504,0.4182573979377665,1.3060037873565502,0.9033721395160188,1.6586711448651419,0.6377690130414552,0.5011727011598958,1.6553533938594722,1.1374091816003769,1.130740041220918,0.557938871088079,1.033806409002227,1.0880600166139278,1.3501712572023312,0.24722820803716777,0.975852843989875,1.464631108113543,0.5784285180208717,0.51627778960568,0.7014896434651829,1.4508972780352092,1.4571937243509225,1.732918002943342,0.31914053436801454,1.57413771322258,1.3446511263197822,0.8055657675916488,1.5075686410848317,1.208669110524671,0.590436126632368,0.6591709629522975,1.4882617838261603,0.884953187798716,1.1235924544900855,1.411571952916821,1.162158979025682,0.5444855787138083,0.9976882636368075,1.608508369411527,0.7931330345245227,0.20967012629333304,0.2261088564597587,1.2463240500481894,0.29019012971035096,1.106686616092606,0.8631580273178151,0.6611275131924474,0.3800072184287785,0.40795315509682456,0.8700453751168932,1.4455948613859038,0.34353685017051144,0.245040893949254,0.23610746801332652,1.8681840743824971,1.469977349909127,0.4217883340585737,0.40122166367297024,1.9031492077669394,1.3022991768920107,1.73328210769083,1.3471945766548072,0.993137824744694,0.3056238044811134,0.1171489819288465,0.7846291853691637,0.9676679162153161,1.0137908486971445,0.8579330670632671,0.11598374033300778,0.3261148057320781,0.6344811289041111,0.40599379438087424,1.5981401596066045,0.3650127849285984,0.3048524287846937,0.5695145942145475,0.5340443152339748,0.9462892750484995,0.8747426693837683,1.1424108425894144,1.7164962450645034,0.3442894766523698,1.2555844415571542,0.943171588922111,0.49944027694060966,0.0,0.09085642392330998,1.1022754857211166,1.1404874834274672,0.8964960831164108,1.2482119651956387,0.8501911533567045,1.1843026419159821,1.0924139385853202,1.437348047823105,1.7001253989410594,0.935013128575112,1.3848197714035178,1.5631740212535452,0.39038082932011253,0.89922534869432,1.6525908889365202,1.6362338869402755,1.8305944074273637,1.3026319131118396,0.7867613741306558,0.8302696759571822,0.832848990728609,1.209814156476436,0.11479047360981762,0.05775439132799886,0.21023599043587488,1.313466236782476,0.5170309989248564,0.7193651275809023,0.2688964371124127,0.13091739810200337,1.1148003711930863,1.8226084123045543,1.4694985970109586,1.6873418252217067,1.3047016170082997,0.2432627866564329,1.7132488652092273,1.1518487509386692,0.09134144419299332,0.3440827679553987,1.213677706754867,0.646606486875305,1.625154951169824,0.22626847691898513,0.7135180226755523,0.4833742297448196,0.11214315319405589,0.7359775826417128,0.6339392061398912,0.41143910582438686,0.7014224499386821,0.5899173133824533,0.9275814043757785,0.9806110539038945,1.6649599162965043,0.3775590495233617,1.08580869053538,0.05869291455127452,0.40384688937481533,1.700227416596103,0.3159831063854258,0.7232460794817314,0.3602560189464959,1.2562662580258857,0.2599647062868535,0.8731288366741642,1.200502408294247,0.8425180991767717,2.0758171222107786,0.351864927148664,1.6849880829646187,1.6279411958268075,1.072292061588061,0.2111666772998963,1.6558869721711238,1.47749635415365,0.5293039131185165,0.2147855542832406,1.5180715331692332,0.8370984474769748,1.6559164925996648,0.9453527633465374,0.7428093117141881,0.4510138370738256,1.1079272252616503,1.9000659536413427,0.7079231768048836,1.551954074007112,0.25105882566157917,0.9276955852698283,2.0416993407686204,0.16647446774821079,0.39683371006436907,0.39911361248947885,0.8420743920255993,1.4884441582806611,1.8643498604386897,1.1894941219220039,1.5487783193835443,1.0121643369754152,0.9505448264390202,0.6386343156040355
0.31260099752603226,1.2976503497110314,1.7618872863636053,1.6227131449052803,0.6838035881074896,1.6126999093425223,0.7665089804946474,1.2790627918605517,1.460883822016076,0.47633507970911754,0.2666757573728523,1.559205451348366,0.4755680025696614,1.3934147558238956,0.991000740832546,1.7477551445816433,0.6416501545060028,0.5523755395654866,1.7452998011515726,1.1981896369325182,1.2197004733469452,0.6420876608568318,1.1236426887462592,1.1692971991587788,1.4403543099396776,0.2680468117316801,1.063475450506697,1.5407363504696914,0.6685253022308555,0.5842285425147155,0.7102406721360102,1.5362892465882487,1.5304632513754137,1.8169804531951288,0.23298315377825873,1.6516752399141057,1.4163457225414142,0.8942529539340212,1.5862239694544205,1.2941037657562935,0.6741164948714395,0.6794994837815476,1.5532724904427126,0.9388890232956711,1.1903013876240185,1.4807777970583675,1.2265140192972326,0.6218921269948653,1.0824340993960002,1.6822877908075702,0.8587983985167619,0.27471213097858826,0.1374314771019511,1.3365269295940994,0.3723234094374403,1.1974884499509688,0.9500358110793969,0.7518618864414437,0.36906622815988926,0.4728608151603851,0.9605421127239268,1.5308740777750325,0.3524039767575399,0.185199160302599,0.25113078232146147,1.9547183529146765,1.5274643454049543,0.44291026780595144,0.46102038410830665,1.987983713131434,1.3931480482319323,1.822805491366466,1.4375815326634904,1.0722432297274522,0.35644440878703726,0.1950004888093781,0.8729094241125467,1.0508849622612162,1.1027001899163198,0.8936217869214111,0.10867998375532574,0.33129195105573656,0.6678505372522532,0.4398386174059081,1.6656436985762422,0.44102232411460973,0.3609751529137067,0.615974362387216,0.6114954777977645,0.9823510341875828,0.9521419954184202,1.2331407293230412,1.800340402782065,0.4301048831140793,1.3138026532418763,1.0302885329228266,0.4240485565225408,0.09085642392330998,0.0,1.1758989740684014,1.230508832809515,0.9355504686674387,1.3238481767207773,0.9392467775262686,1.2515560442815683,1.1832674732070703,1.5197702139217792,1.7890716364159116,0.9893235731664832,1.450698163971279,1.6514414574956968,0.39542270671263813,0.9574937232452834,1.738178297711321,1.7194623944308622,1.919650860257145,1.3884561320988342,0.875087276100299,0.8497230281913711,0.8890185242716377,1.3006645609049428,0.20088526698986603,0.1317254646298782,0.12359501206597837,1.3986888052408248,0.6006469575280932,0.8042420246526679,0.30050334846398485,0.20192488377173387,1.1562930903355757,1.911592767221451,1.5281128231383556,1.7654674284957967,1.395209886551202,0.3285910484816374,1.7996829970673205,1.2332415995273147,0.1807374910968308,0.43374668843630615,1.2914604948239488,0.7366826552675848,1.6889575593192572,0.2517644838827889,0.8032151672816703,0.48462630466606316,0.11210236344801217,0.7877942095247324,0.7170588468113792,0.35124597163291443,0.6951031583106613,0.6776708876918252,1.0100040818678933,1.0239013063377853,1.7286409738580955,0.4366684996241044,1.1744604274808728,0.13169494394925846,0.4390134311781774,1.7854960678957368,0.24521455153344712,0.7999242758092143,0.27139181565635206,1.3458440867140922,0.17032890315087215,0.9019208826497831,1.2899506760113197,0.8785085897846402,2.1626570165411994,0.44164604596803214,1.761060883602355,1.7169896962120519,1.1563213298009893,0.24476229089112694,1.7217731036993653,1.56221063114535,0.4708541175436152,0.24859437501828174,1.577900661293417,0.9261977783626738,1.7423163171391303,1.0294543446236637,0.7585844717845195,0.45501180718818096,1.1722805085303751,1.9875859063070485,0.7946472253924768,1.6391071891543145,0.2650116485562319,1.0163080430491729,2.1286839810850586,0.2568218943468733,0.35380448263312936,0.4705878802521867,0.908492499841026,1.5789415955897157,1.94785353195492,1.2398138334246689,1.6275880777043374,1.0993526931952549,1.0225953512925217,0.7275255807587795
0.9606428780048971,0.12206104479316894,0.6294599493687716,0.6448054108653878,0.5136418267143178,0.5055035930580442,0.6820540022452137,0.9791140778907413,0.3386616694216439,0.8796068220204876,1.3325878109714884,0.5558518765175917,1.197942089197525,0.47998852336688247,0.41711598209110645,0.8175279703123579,0.8961909466014538,1.2661539345135877,0.8719587885281174,0.2455035192433238,0.4850397889111945,0.5741927707987586,0.5258740657246996,1.1751375231066505,0.9554732541415026,1.2575881962173046,0.4021471605154551,0.369097678885253,0.8069544609098905,0.5944748285125129,0.8557300355789247,0.5057214851604206,0.3549208100652295,0.7192172191403983,1.404059094930272,0.4854701072679129,0.2455048521422359,0.8564040852011323,0.42966875001483396,1.121548061535372,0.9741178082687928,0.7734420576644689,0.42808354401619986,0.3873461103270755,0.13898013815021898,0.3233506679769298,0.19169317606736377,0.5595061686376598,0.2960905849630878,0.5064222016143678,0.34019022671926197,0.9015698856793527,1.3070478299096056,0.8965311498800206,0.816222920271198,0.6673359220852769,0.4058370289037601,0.7363318031647915,1.0129268581612525,1.1479599360760797,0.7482971358964188,0.49817946407481867,0.9461347094963724,1.1800153188885447,0.9823039802943072,0.9014634768931846,0.49374083808995994,0.8593205309152954,1.178231401657328,0.8940640909677751,0.8053278174753697,0.9051558476112248,0.6999346974630591,0.16126318742404372,0.83701081375404,1.0846295687474667,0.48577672891793483,1.0716263790374327,0.4631190132945316,0.5950936522808253,1.2085715532562764,0.9667886164569457,0.6867506268623645,1.3052042740453755,0.5140968058265686,1.0624600478139823,0.8250935810856199,0.6400120300921163,0.5698957587810606,0.5823022588633104,0.23825958647824114,0.6591109166822932,0.699744827078153,0.7764685739123864,0.33400605099001834,0.9471046490472277,1.3691736919929913,1.1022754857211166,1.1758989740684014,0.0,0.565716547973749,0.5526831249710163,0.1543103773944741,0.8452274588736175,0.15289983171009267,0.6920500478900073,0.4206954876509051,0.8443327220853246,0.36296767594379414,0.3262518491584673,0.6996575539938308,0.9429223539071417,0.33066343166700907,0.6811453924070449,0.6139760607048155,0.9615250645263339,0.4147225765103547,0.48635068230376866,0.7586402122146106,0.39088420447854155,0.7580194980851216,1.0534809701441379,1.1077414137507697,1.2465248726019402,0.40078024381057703,0.9746785258404227,0.9617761707489868,0.9174622718401589,1.1030989732541718,0.529958186175888,0.950894004026951,0.4797345947677843,0.600891667217816,0.6922543620914238,0.8679023267767019,0.7584465530095108,1.2052912339606854,1.0481864528158744,0.8101054839576803,0.15063851606718962,0.6236192753956683,0.5660271047037965,0.9632154344627354,0.8065584085905315,0.9348777064667452,1.2017262989730013,0.49034206878888437,0.9874034147692019,1.2365927555105183,0.9720076612587897,0.5914468749563051,0.2635014732199976,0.49393088433924176,0.6046561553608878,0.7500517103657306,0.45653994764895206,1.109220987607622,0.8100782187027962,0.7156318504432295,1.2436140395200876,1.1107014213565114,1.371091083871877,0.5757706896244146,1.2996374170517813,0.6648798284654447,0.5413719951728946,0.5948238937103719,1.1033924650172344,0.8060771692462047,0.5878252938768401,0.7906692070776268,1.0956712936767514,0.9563071857468582,0.5801091533151382,0.507937262308595,1.2771056136075996,0.9530302373846206,0.5067698492299544,0.4980648762449368,0.7070463414136255,1.0401971023529086,0.7958651945276449,0.9287244599334151,0.1793678711833523,0.9604424953279483,0.48884480053091767,0.6448045420405318,1.2739787356653935,0.45317907281699954,1.0752566354990507,0.9612017580327381,1.1517476756472471,0.7053111133135007,0.29182586066052835,0.8045456488457454,0.8330590672425943,0.4251861175318177,0.4709186895212907,0.3810716272709745,0.1556234166096285,0.8471408423206211
1.1491063695945987,0.5867157968075463,1.0586666811019723,0.4356558397528545,0.6149362414001084,0.9866717135230236,1.082481068255731,0.4320847572616217,0.8402409886676796,1.1477360484584083,1.46341080894434,0.40747857612920885,1.0257535304187608,0.24187193461021247,0.2760449480010347,0.5251933020987661,1.2425883506771185,1.059712550454797,0.514903114208375,0.8091653487534072,0.08197546131605375,0.622328691681325,0.1079925775072005,0.6855292058938283,0.3910797833054821,1.187526643639691,0.22016773469581885,0.6655106803838479,0.6060898143133538,0.7898134115985423,1.2317270550610222,0.41808614529257876,0.7233137558203374,0.6941415657847342,1.457414296709196,0.7094658706542755,0.6925598672989023,0.48760305879354054,0.6353943006893888,0.5857824686792578,0.7180011308380402,1.1362257212110365,0.9057933205119374,0.8538084529660347,0.7041712838584225,0.779732879118921,0.757250971878104,0.6929125619452773,0.2962686388774802,0.8157904502414628,0.7082072540794891,1.0012402090729189,1.36651532401131,0.33262840666058485,0.8753767381381193,0.12256067814256594,0.32505227336394515,0.5086595891747399,1.2374508668161448,0.9784852205296828,0.3570137156012016,0.41707408601064,1.1552446355655772,1.316290424810785,1.1368494223186059,0.7716237610411457,1.0250958852572214,1.1046271345317753,1.0133716406832343,0.8364015920069894,0.24794752612257182,0.5948283446282973,0.21144266502046907,0.44322733785138346,0.9957077987255952,1.067557920964163,0.37102640509045925,0.6178432426625825,0.15044260728538633,1.0510444988601806,1.2124227432235275,1.1675578592706748,1.0354402994881806,1.1564652556619974,0.9323679396818504,0.9194680600638988,0.9740144921779886,0.9382799471390065,0.7001271474961583,1.0728648525281468,0.5079553656947092,0.09830135077778293,0.6841115256626434,0.8095996998419488,0.8971268989240025,0.4958932100291781,1.56072009699751,1.1404874834274672,1.230508832809515,0.565716547973749,0.0,1.0261786017630206,0.561557482418867,0.4498061976882167,0.7124902756427935,0.15559077536969768,0.4907688462133555,0.5680185453711801,0.8554187102461999,0.8286838779389818,0.44536055737602076,1.1754060575961212,0.7995793471613726,0.5876693191928942,0.6276393971550829,0.6961337134390572,0.2971673652106124,0.3684119864949086,1.1932737974352041,0.8236307684925137,0.1923622537949966,1.046033852491445,1.1171026981200858,1.3384580697699067,0.32454352610651116,0.7609063622949125,0.6328918744378638,1.080506175946007,1.0764407274873304,1.0730485325710404,0.6889958522171585,1.0060940178857378,0.78457187325135,0.1753455901929962,0.9082792446707956,0.6256689236259227,0.6979360266200332,1.0567403194119809,0.796825080015262,0.49728667567408785,0.493881646749885,1.0191040853737467,1.1094345896198432,0.5101390361924636,1.2113939743603765,1.203680422140625,0.8737672899181952,0.7048375535092322,1.4325666164099173,1.3349932023987494,0.5624639838084118,0.38527319291703305,1.0021611383973956,1.0496879725247321,0.9215419705274871,0.1128655640529964,1.118023009857707,1.0364416408782948,0.6382477363545526,1.393226538413113,0.778175568641307,1.486549369703941,0.12230518048733426,1.392560339451539,1.1229709514323767,0.07744486382747959,1.0442536469819137,0.9686373842024776,0.7888784002304302,0.8262135271270434,0.49526698291742144,0.601184392133612,1.0913347404466995,1.0034677597588386,0.45826272723064904,1.5125502286782553,1.0895644586970108,1.0161659321143848,0.3102395828541287,0.5727064408202245,0.5937085874508095,1.1934039240138468,1.190540509419202,0.7412092659532933,0.7859379930115642,0.46185190979736634,0.4593770729535665,1.2071803291546193,0.2330013147213218,0.9329876703035862,0.974021513964656,1.3627327019280937,0.8393331440842239,0.6900950338039031,0.3538526857568143,0.8259261115954756,0.9874531101730223,0.6616172052458313,0.2113921354634117,0.5895525205141215,0.5891326271268955
0.6352690300728908,0.642167598401125,0.9216068999630145,1.1962066584546025,0.564983058383722,0.7668380178580719,0.19049266180416652,1.3640519170169478,0.6571683199464489,0.48831601844081035,0.9880687795081854,1.1077659664258603,1.1763803263075316,1.0141388811649759,0.7759467061917508,1.367571965437688,0.41208846112930914,1.2633162379438105,1.416487584217112,0.38966963528039494,0.9581292118711684,0.6219077308392488,0.9460332328588542,1.466476940502024,1.4048121261611834,1.123913064556972,0.8109117317744248,0.8649807258359491,0.9336969598716007,0.4623805444889746,0.3488986403273044,1.0583306215018904,0.8129127654476442,1.2577923683738756,1.123555652436462,0.9828202945207962,0.6959294649172026,1.1004105720364272,0.9468483688556356,1.4763199538055034,1.088175778453884,0.30037685292269956,0.7333646069663498,0.17452053201918852,0.4575669016267295,0.7163807770650668,0.4525147940049784,0.5317251372429782,0.7321121876593202,0.951839650184031,0.3269109496845457,0.6957790108211895,1.0360360611571076,1.3231684471880059,0.6922220327259223,1.091821954112041,0.7339236121038414,0.9172148336114531,0.6335895016679531,1.1353479760527512,1.0447386138441621,1.0508002276278963,0.6020493011159346,0.8559829791186799,0.6877867147870436,1.4474324411087895,0.6473350235830857,0.502353930219985,1.1540872898399588,1.4287672676897496,1.2732726196469633,1.4553141606932194,1.2049369904406688,0.5974175110262308,0.5922029328281295,0.939729026629384,0.75282958766172,1.3402698660806769,0.8843198139000822,0.05429336890950848,1.012066677634541,0.6258451883429003,0.2704245421909307,1.2389934390563628,0.8607570487071301,1.046969718610712,0.5971077723495224,0.33083337487559744,0.5359604901291591,0.059098145855271976,0.5186969348478082,1.1003159900727733,1.2379405105487287,0.7003208251973085,0.45815075157594914,1.236206552729133,0.9633509187612306,0.8964960831164108,0.9355504686674387,0.5526831249710163,1.0261786017630206,0.0,0.6863742256282135,1.1134168961197464,0.5078398841359225,1.105032317353442,0.9693124756967673,1.395796153719546,0.18971946263197267,0.6516910377441127,1.2497607932282429,0.5733985080423437,0.23192675669608295,1.230517193811351,1.1534737084548403,1.5141342364512365,0.9579224925824347,0.7552181323447624,0.21400405546775084,0.20438773247555003,1.2035206046967357,0.9078111110429065,0.929897113029476,0.9542262970595775,0.9477363689586323,1.050889188708187,1.1425000370504546,0.6350837744481378,0.9627558160986465,0.22180975180491544,1.5035212555087036,0.6557751665166881,1.092133981681558,1.1856705291345866,0.7397696348141746,1.3086179068436472,1.5141830904312996,0.887850911998742,0.7637511708714776,0.7018353147357549,0.7916123703477913,0.8470573464086516,0.6838971617846071,1.0109604160433336,0.5180101811147853,1.0086221311810046,0.20542590023253318,1.1208691719953212,0.843844963002774,0.46129743971757475,0.6973459555880881,0.6409384314717569,0.09979935722783012,0.8832617121147516,0.5345852162167037,0.9152302551317222,0.9315532225759477,0.4965537225968804,1.2620493333461547,0.8947397342715304,1.258737563906995,1.0357567193164592,1.0774123406978715,0.9970165069854794,0.1134426325849454,1.0305175354151201,0.06456294882088033,1.6443867134620591,0.7656025842608929,1.0552759437178998,1.3399051924209129,1.4024202240375645,0.6915981462868127,0.8964470218055681,1.0601775846059465,0.8424479404481967,0.6877710674707574,0.7112699012332985,0.8056496934719076,1.258459053901421,1.3072509925736715,0.2777578689973987,0.5300381385347024,0.4143597117264705,1.5096742671320111,0.6837667754018504,1.1971161735822105,1.1337753925198149,0.8253775179211205,1.618158074339006,0.8248329619338102,0.7579896454436267,0.5614484149636696,0.33658378022653723,1.327282140051935,1.360171230453568,0.3345076862730507,0.9845182398982459,0.814789128639704,0.44939105502719817,1.0052690218078446
1.1143842500954575,0.045208963662506214,0.5294354814530844,0.5339120190972624,0.6517268574752247,0.43187403004587605,0.8282292796456209,0.9919795847928091,0.27885179028338836,1.0336601038953233,1.4856647967439367,0.44454299781261464,1.3188790877290022,0.4127668261603601,0.48810477641389904,0.7083210980190963,1.045930321484729,1.3824254355712875,0.7734984999899025,0.3283940146756784,0.48015803623137404,0.7083462354204264,0.5510463831717447,1.2186619408951183,0.9359143172390475,1.393850560939227,0.4512431075589648,0.217080695268109,0.9123511867927423,0.7453288402538404,1.002668094299808,0.38970123841822346,0.21717496035558426,0.5729472403992738,1.5533422269561086,0.33168944182785515,0.1367426944131768,0.928256606893636,0.27560366638089245,1.1425589375483836,1.0750114847288414,0.9228688372008628,0.35025782616789614,0.5296547385342544,0.23280253234253823,0.22658805391872897,0.25972461354032894,0.7038180871266165,0.3521045248726181,0.36320078467279976,0.49449737041218456,1.050282786010734,1.4562346947463314,0.8920537573463949,0.960004419672732,0.6770242079545271,0.4912920672223164,0.8328800138669638,1.1672370559289855,1.268487147918328,0.8091102846840904,0.38214707098713324,1.1002642422218285,1.3328152456654654,1.134967702238288,0.7610617846788755,0.4643572451980537,1.0136302581741141,1.3000214223067854,0.7461865708722415,0.7802817251110475,0.7945493100961051,0.6517524276627602,0.26696539833783367,0.988853908677286,1.2248801521061448,0.5805956445709424,1.1262900900723005,0.4956162186068157,0.7324150085761388,1.3523991676062117,1.1208210439819868,0.8384100316944928,1.4313349500609396,0.4053857403375223,1.1855594482609515,0.9762707250184306,0.7941925967789784,0.7142589435208172,0.7090360120056871,0.3747177743722463,0.6596607047990865,0.5532120395210878,0.9165150541961908,0.3688662245010973,0.9997407995558588,1.5234800095684466,1.2482119651956387,1.3238481767207773,0.1543103773944741,0.561557482418867,0.6863742256282135,0.0,0.9099458845872008,0.1996748797879773,0.7062239446748136,0.2853569527318122,0.73018303547507,0.49887818268046236,0.26718831604511395,0.5922297409608505,1.0972325563715364,0.4752165894544353,0.5456317364825217,0.46804817190001197,0.8396511800770382,0.3368617122291293,0.5805319977189288,0.8971737947910683,0.5395706289547412,0.7496009322943704,1.1943493582931823,1.2510452251805868,1.3974485879059744,0.31503487768120914,1.0836579944894726,1.046855641939263,1.0701164233459883,1.242532959512202,0.6269872198107904,0.8288120087336838,0.4448336455006036,0.4470524997141498,0.6543066934956749,1.0107820732853732,0.6242415933437693,1.2416416176452514,1.190666970318984,0.9454088254138592,0.06520795848134496,0.7313107124357684,0.4763791069482059,1.1153856758003338,0.8926882324552561,1.0885587065090894,1.3453042946998743,0.6420531870764499,1.0833208608591591,1.3908800836531856,1.1192899740759206,0.7146974184855239,0.36018242473076567,0.616437826689573,0.5116986830722746,0.9017223464013465,0.4659422893484058,1.25248663412076,0.9641787996692337,0.575783414289065,1.397078995347893,1.1988389517417928,1.5236818040173288,0.5382849512923723,1.4508708492487963,0.7997479923967349,0.5176992337199551,0.7337685717010535,0.9591021215250545,0.9407579471505061,0.4372491549231529,0.6840086894210087,1.1362238699553422,1.107852734750684,0.47600590062984005,0.38293657496330463,1.4310665447635678,1.1046331198357038,0.45528746564895795,0.5777360136496575,0.5762458941616958,1.0965358815700412,0.9406089823693335,1.0827854322172732,0.2787172974009082,0.824120132576364,0.6029733054329657,0.5289902476628285,1.4108204781486955,0.5125089228044543,0.9322498902555447,1.1028385509806997,1.306057846994093,0.8537168083860173,0.4459952412081279,0.7352508523853831,0.6823593189913034,0.49743376089389063,0.3167302294170943,0.4193597366114544,0.30911821314997956,0.9431715344906644
0.9694454362241722,0.9180733697283062,1.4380974721248392,0.8812599190715605,0.5573042780073187,1.337825450974217,1.0910150890082824,0.34080901616169057,1.1751726535378229,1.0318306350536015,1.2000009928984445,0.8572790251783678,0.6183313811896709,0.6889859166725608,0.4285259349802159,0.9437557811731816,1.17702579728896,0.6342981138852596,0.9077542314215803,1.0487586265794304,0.49770234411131703,0.5151039001087785,0.38762774591060994,0.3536413436702362,0.5079928070019613,0.8209262642429377,0.4588797893416614,1.06799205660432,0.27623136369911916,0.7137092794297849,1.1939967590605953,0.8656805569004051,1.1094531785592852,1.1439122220735867,1.142366865630122,1.1334037734097797,1.046337787918375,0.04793051543843527,1.0573443289398503,0.38934937996290836,0.30253352199165856,1.1019318635464437,1.2567954564544774,0.9698905374575835,0.9622727265335203,1.1359917175496137,1.0199631294100961,0.6134286522874498,0.5594533562543395,1.2261219600140705,0.7977661768100183,0.7828143430917863,1.0634808187218507,0.40577505507344713,0.6589641250181637,0.34979590291491536,0.4421515821900994,0.22165240610093798,1.0716622450972482,0.5770778766167337,0.10184922773968355,0.8640788300517857,0.9906948753730758,1.072418151672215,0.9331144665768849,1.2111737998262877,1.3389665356822762,0.9783540050189014,0.6108771124211497,1.2828287547387913,0.49697028115967484,0.9981708942005254,0.5996654484394687,0.6848489966083069,0.8246620559706304,0.7499537432930814,0.37952329664141554,0.23254155931779394,0.42539683861722455,1.116719655950695,0.8891522583542947,0.9943093048201936,1.0085170812351725,0.7503656560323091,1.312463128948586,0.5414840287814225,0.8007052042222426,0.8935593239730707,0.6141900268762504,1.1706030680095179,0.662243923408307,0.3911451681343309,1.1339071580682645,0.5944788024177905,1.163951065641281,0.1239261544666587,1.332603898262285,0.8501911533567045,0.9392467775262686,0.8452274588736175,0.4498061976882167,1.1134168961197464,0.9099458845872008,0.0,0.9956550001895531,0.3204007982119682,0.9239939748182692,0.9870593305804956,0.9944251171914682,1.1627275725324733,0.8830357712924396,1.0259014795708767,0.9320344615060677,1.0366772854470097,1.07593146107558,1.1064112157261767,0.7332332444921171,0.37786588273196925,1.216013051277447,0.9198225465558674,0.4116394515116081,0.7387225395938523,0.8101486020438687,1.0603851120955834,0.7579249260623839,0.3649760648585827,0.19031791453662356,0.894012102661701,0.7508946458629056,1.2393819556269414,1.10114436174585,1.3247513318369402,1.2200530245619856,0.5530584007742838,0.6673001075058608,1.0705925337221502,0.4011106984753424,0.7589471477632328,0.5482095968018752,0.846766495817878,0.3286729283925905,1.3862753401189405,0.9043054138784464,0.14017796493238102,1.0915686998947682,0.8801956812219565,0.9157379497547349,0.2759240013460252,1.2199367208663587,1.2717073101807157,0.43162226112258983,0.5842020302247038,1.1302317552454104,1.4215811945122363,0.7805224048015903,0.480585289780341,0.8105449179396776,0.909374857777565,1.0871177454510184,1.1503019922055921,0.32883243199605755,1.210347446198161,0.5658525948122058,1.1095625720422282,1.1792440318111828,0.5272509934996639,1.1048340356237998,1.3997299477496672,0.5399554811198423,1.2536653843268508,0.9164665314989897,0.29035685189352783,0.881059064910977,1.3838772600676372,0.9049662049959619,1.322336032831289,0.8807871922147698,1.349037755729933,0.3495667808216049,1.0194357937971583,0.19964577552102597,1.180947507080566,1.062103541836239,0.9836569143350594,1.2162560417372987,0.43133522521278095,0.9061558090885187,0.8406194759148079,0.3978690933875257,1.3638005963591615,0.695560190677268,1.1694639427403666,0.6951772777673058,0.8090062036522458,0.7220914857736298,1.275355964840378,1.2051052107244595,1.0888782228911513,0.4928830838865965,0.7831443693512818,0.2117685413933582
1.0091605869127471,0.15551698060356792,0.5157644705011344,0.7335834025812642,0.6214184235148673,0.3767082659627818,0.6679362374873418,1.1305154044219885,0.2132548116798024,0.9067025187276454,1.3839990270040523,0.6441878083740081,1.318046292780218,0.6003649753743269,0.5685148481256045,0.9079959141050774,0.8927081055348594,1.3902438091893836,0.9724503018691227,0.12991094020944255,0.6309536931696418,0.6862194189911313,0.6776882376111381,1.3277271347304338,1.0997293339474103,1.3580913866202233,0.5550419879209327,0.35718743209035064,0.9421603514801902,0.6682025863361422,0.8417434530992235,0.5893599033044697,0.309947702452676,0.7547694340862886,1.473737113888975,0.47544684326446285,0.19007465009156876,1.005249724935196,0.43987620120066095,1.2739382185087276,1.1108239787183736,0.7701984540909965,0.3068523376077852,0.37016284973098385,0.061904014337698154,0.23235173989362098,0.06058064708207857,0.6541053669730609,0.4489730277034289,0.45707628838633657,0.39299192070699257,0.977549498945581,1.3776619238982795,1.0446524872032588,0.9067695618288459,0.8175461171532321,0.5543988250651708,0.877037840311873,1.0478312610140215,1.2687610776364604,0.8996482323326969,0.5818099430982395,0.9890843107409585,1.2345235352094868,1.0396125692786604,0.948798402488532,0.3448973401424794,0.8954076884351084,1.2975987641358908,0.9231808755659898,0.947298328120198,0.9941898982808729,0.8320524688330186,0.31087069627659686,0.9010356536877936,1.1794434616187361,0.6300632277314983,1.2232198080706986,0.6153933303873479,0.5576991214972761,1.2949395601935991,1.0112815119594085,0.6961301465702863,1.4191830733785704,0.4140997935197985,1.1812485238966224,0.8925850409414017,0.6741585374307543,0.6640882889133412,0.522939472399792,0.36218883509822564,0.8075187282969956,0.7348578922753601,0.8752142374832518,0.1847816499567988,1.0991082849896345,1.4021865870948556,1.1843026419159821,1.2515560442815683,0.15289983171009267,0.7124902756427935,0.5078398841359225,0.1996748797879773,0.9956550001895531,0.0,0.8430470358450032,0.48167418833254255,0.9296522347729433,0.3298720332737068,0.20200824854715566,0.7918254248238744,0.9786075752610675,0.3242717072922126,0.7389545540860871,0.6519255268594385,1.037675703879518,0.5278685868305376,0.6308822110633164,0.7216793885646896,0.3958492920707843,0.9047387813288306,1.1473810942374794,1.1960900933616365,1.3107046152871906,0.5086152331576027,1.1062064798781137,1.1060608890671988,0.9756164746860679,1.1992783738601605,0.42796898217593277,1.026801997308683,0.33282979370422217,0.5863304263979533,0.828813602343261,0.9597150574236228,0.8178487440741521,1.3581632193773663,1.138855524546474,0.9162424546857489,0.24199264354025884,0.759389839080444,0.44608963501772336,1.0237603683433072,0.9512296834308565,0.9560416175480556,1.2887152418375016,0.5055582900084515,1.1267415707597017,1.2720211185257935,0.9580555562079578,0.715647863035367,0.4117777050200292,0.42848799779087193,0.4858751505919694,0.8164275167826086,0.6054764140657801,1.1976420079115822,0.8555043560098071,0.7654719793661751,1.2923656056278707,1.25314571690168,1.4256602965382215,0.7116699415175862,1.3620335849654432,0.6206804947545904,0.6821579327067728,0.5614259189988857,1.1408651811372332,0.9131944375069447,0.5550324349420218,0.8836213682459471,1.248448284292177,1.0202527242806092,0.4720761439759831,0.5816454408568009,1.2989748891720305,1.016728498749015,0.36565432578882884,0.6470600894718012,0.7719655221795104,1.1916032418861666,0.7753680460708486,0.9553341677456766,0.09505870475870237,1.0151879244418003,0.6226742420966778,0.7285233332484292,1.3734351856845024,0.6056562983411666,1.1159528840089885,1.054491512944315,1.1853867397516067,0.7854602199719456,0.3430843357242309,0.9259482463149225,0.8529798643513972,0.2988966253947025,0.4769198363287772,0.5334519045578998,0.2483960747522327,0.9872599927756468
1.1417850937441452,0.7276625319690291,1.2118588117310525,0.5652308270800953,0.6304763772488219,1.135301695207817,1.1374165435473718,0.2877326501159234,0.9848408823110567,1.1625380140631587,1.4294075463921925,0.55036123099303,0.9262404072554691,0.39323489630773967,0.3291140114001685,0.6238834025841452,1.2759718768051356,0.9503005487105427,0.5923472374371437,0.9294103323554487,0.22995059279853625,0.6210632691284597,0.16783393338131858,0.5299408900898002,0.30486270266705745,1.1087111133637817,0.3026518946288294,0.820310379133008,0.5271604721759555,0.8083740294835678,1.274149325357498,0.5670969248679797,0.8764198185707316,0.834003087637294,1.4028432561003623,0.8648987397150255,0.8398683005511683,0.36385160543915096,0.7909514010183368,0.43633989136084134,0.6110837744001258,1.1781910539566045,1.054005714278051,0.9379500413457976,0.8276411877751664,0.9281889107106398,0.8830199545761783,0.705728235700837,0.4021847602452504,0.9712796141510744,0.7791913409020093,0.977126819231685,1.3160684391566602,0.21815878685897414,0.8485597861029058,0.033695710390637366,0.3726914107755309,0.4346573254324052,1.2364736371708756,0.881602028903444,0.24350823510111883,0.5667632790898358,1.1533492149376348,1.2881553130096872,1.1207477217926518,0.8915043405216032,1.1664760722518244,1.115055385389418,0.9162568665763992,0.9659773571059236,0.2114657678368822,0.6810226685370542,0.28050636325005374,0.5526023279149676,0.9882088113493626,1.0077501164493359,0.38130919945070263,0.46553202810740246,0.23234435292563302,1.1236139090569097,1.152239308510298,1.1628215797388983,1.0778344560041089,1.0584604972285978,1.0853460718983954,0.8325973405554932,0.9651784020531909,0.9723946401200204,0.711109929922725,1.155785147527599,0.5908173442651696,0.07212789318388126,0.8255239584807361,0.7809401162469516,1.0260398897567464,0.34674420353887037,1.5409404650192466,1.0924139385853202,1.1832674732070703,0.6920500478900073,0.15559077536969768,1.105032317353442,0.7062239446748136,0.3204007982119682,0.8430470358450032,0.0,0.6456734165683577,0.6672413759354372,0.9467530962865671,0.9730050589570619,0.5636653696826661,1.179115749702631,0.8874495330104898,0.7239954872039599,0.7744366375128685,0.7883155608166623,0.4523291496978906,0.3785262291893276,1.2546612473922818,0.9006488405760106,0.1196827980226498,0.9899019252996493,1.0622205117018602,1.2975706195675634,0.47990522126522506,0.6635224680362821,0.5101052729583552,1.0694695827725942,1.0136126663830072,1.1764818141571793,0.7826749847781851,1.1483878000156817,0.9383481936999472,0.23389378426074584,0.8737076575187038,0.7532358470047679,0.5430830764381908,1.004460438633085,0.7558764410336469,0.641185238928568,0.4593314449232181,1.1705072215975691,1.0923341563074322,0.4101323463225054,1.2259522140300543,1.1433120996848332,0.9346908798720127,0.5910190512041664,1.4172925878644969,1.3704417828046291,0.5479552164656644,0.4749099698537828,1.0931320556499358,1.2018651079392235,0.9224653448637019,0.24075585788952936,1.0629487543788096,1.0451477306480208,0.7739116959663337,1.3663137537312984,0.6472029758087706,1.4477876698439898,0.2537684727029203,1.3502977336910538,1.1938417274308373,0.2269769367296004,1.1150910169331814,1.079355768346832,0.7475135275125502,0.9812544849285612,0.5963029624548989,0.44559466524677427,1.0720469330257612,1.156661522820311,0.6079698838838088,1.5062288140099775,1.0707793755797566,1.1614691235153785,0.31826778629431013,0.7036224186503852,0.442975307645537,1.2434779750127634,1.2017964078898484,0.8609766048009712,0.8958679818498775,0.47222836201309415,0.5909730370047297,1.1285502224483446,0.27966474073732495,1.043428255983882,0.9274301437890722,1.3536924121021672,0.8364783526931051,0.7700470164467438,0.41001771219964783,0.9630416945782319,1.1042905017324358,0.8168715394076433,0.31347128596421514,0.6899214139207472,0.4928956075390396
1.3455000248569138,0.3305191127380397,0.6063925616090833,0.2663958135783636,0.8361503483093029,0.5781946120068417,1.1025016125877258,0.9030297647207217,0.4802446319424746,1.2837430984224687,1.7075288327340525,0.18405512683399292,1.4342501934312573,0.25745438484123273,0.566824173451475,0.4364627359573988,1.3140704453157996,1.4848055951085544,0.5126224337944372,0.6115286181786355,0.42796735903090527,0.879850359023727,0.5364446944363402,1.1747853065633218,0.7925009374500626,1.5488159280979459,0.5023521637218956,0.21507498298004454,1.0078164766257505,0.964855289814349,1.275783229590344,0.12815285653299696,0.29468835644997854,0.3052791863785089,1.7525798340572503,0.2213629765057372,0.3382653738762942,0.9548549110048298,0.1521401445974422,1.0602218154965322,1.1526289019221798,1.1918978214748117,0.5076849712865557,0.8076316626942676,0.5181585101753831,0.39562948407895143,0.5422519473194435,0.9021285727301245,0.445977773116593,0.3380882054172683,0.7461509722236452,1.2536897131946778,1.655985663354646,0.7786073879511718,1.1477521572798448,0.6121363861579938,0.5936187697001211,0.9152226454974596,1.4092591976603694,1.3841669734612074,0.8239716200333718,0.12206738550862771,1.3366758261165825,1.5537693520388691,1.3570122194332845,0.48083970765467776,0.6664386208843922,1.2573952574161253,1.4179910983883524,0.4811140883690401,0.6392314624595853,0.5196728706033618,0.482544582456812,0.4567279768203523,1.2079634546549287,1.3951924169381535,0.6848023542888815,1.1079355465886784,0.5067458514459635,1.0138500304620273,1.5322924309165151,1.3554699209858467,1.1022871607897962,1.557408871200268,0.4873541379567292,1.3099389219332362,1.192104368710866,1.0444355663972262,0.9122638638233852,0.9937942936229583,0.5812814153589688,0.5803456105975184,0.28679005895882553,1.0942239214940959,0.6331059457580214,0.9845050770493939,1.7627410379808912,1.437348047823105,1.5197702139217792,0.4206954876509051,0.4907688462133555,0.9693124756967673,0.2853569527318122,0.9239939748182692,0.48167418833254255,0.6456734165683577,0.0,0.45300634269781587,0.7804444366465847,0.47275362346295674,0.3264663726337295,1.339769789907259,0.7512886657383774,0.2612107481898633,0.2021829213352084,0.5562866674352253,0.19369952096644968,0.6835948633885081,1.17812059239404,0.8108493050834927,0.6420780546640013,1.3672262780981588,1.4307939476236728,1.6063314912749789,0.16706017246498656,1.1785852338614904,1.0927745731596408,1.292911978766985,1.409954701017621,0.9094372953256755,0.5453919064173189,0.643053700429084,0.2961120916770204,0.5038456512127228,1.1942900540358465,0.33940243632153266,1.1833032920306636,1.36880102148621,1.1089577848575745,0.27013645812671605,0.8440297861754452,0.5850812471067759,1.3345254704924556,0.9499010914983322,1.341958004759683,1.5244342183416986,0.9067945115022927,1.1499599317993414,1.6294347883246725,1.3917990802194757,0.8610822045391662,0.5098314935158773,0.9015931472222111,0.6073297340542476,1.1214698736707756,0.44411456957095496,1.432080231198586,1.2014951544031054,0.2950664563134757,1.6229722801802133,1.2442452009966671,1.7415884531589931,0.4086793250117409,1.660927046919917,1.0824048316256285,0.419761725693992,1.0143060834994357,0.6842484512980701,1.102815948620532,0.33560216339936805,0.4157150965812817,1.0904741629697474,1.32351695862553,0.5530628003974386,0.10506543009239985,1.6803230052160134,1.3206560999634238,0.6309665062147475,0.6552160456089217,0.29090731002645104,1.0829149828969715,1.21651547904877,1.332457758124691,0.5640585229591971,0.5404800668313527,0.7404117563054862,0.2551073364980737,1.5672225777852986,0.5662570266589506,0.655326663787097,1.2801487874429918,1.5471860160822029,1.0603525297523688,0.7019107180587935,0.5202055023043315,0.43037021540118425,0.7734182453227767,0.1719893175929893,0.4619721786865578,0.5593499489084087,1.017262714276481
1.6744683627373724,0.7749810121968449,0.9864052225351753,0.19960120366127737,1.1361819270086204,1.000020702354759,1.5078627597298642,0.8036370668213489,0.9265758229727334,1.6439540296367248,2.0108619137538257,0.2885785691847409,1.5888792084656056,0.409576417392371,0.8013976649669344,0.04339367548602474,1.7040511382337957,1.6167921866083748,0.11836064577550053,1.0585429479605846,0.5693912104116619,1.1595277078674382,0.6702061573266066,1.108670268387644,0.6165758840575499,1.7555447891342302,0.7296793977159425,0.6463095154228131,1.17363778091384,1.2964164544958028,1.6759098840884163,0.3410094488916326,0.7288309220618341,0.3242264039049394,2.018724847018679,0.5871509141042093,0.7902516838751162,1.0310694979826873,0.5575753130954615,0.9447578822195717,1.276165633350511,1.5858634126864493,0.9395612429896716,1.2260364699093087,0.9597390190782565,0.8396514936439062,0.9898828822545177,1.2121492041858033,0.738049962308078,0.7093763299230539,1.131432272546006,1.5462134431499168,1.9260704062388787,0.6645723361423054,1.424849278274909,0.6398999160577616,0.84590226876629,1.076395906385088,1.7530723090363791,1.5426793408734203,0.9082851648826415,0.34860491955542705,1.6740053865858888,1.8601229999167708,1.6719260499125461,0.2530660825228038,1.1063305230760518,1.60862113043141,1.5775404061313014,0.3575157895521991,0.5186794246977933,0.06842787281570048,0.3874792189124387,0.8229025845842803,1.5250666568506501,1.6325751767133976,0.9167335884348337,1.091838019158266,0.6863744043823431,1.435779692761779,1.777022541249734,1.6894688799000828,1.4896262617000688,1.7204969033825694,0.887326213182751,1.4865187840321115,1.5053646918306347,1.4130331840084012,1.2210004591546932,1.4266311536648686,0.9377493761722606,0.5984903738298193,0.3325377668865249,1.3616739314203483,1.086080161059599,0.9921413669422624,2.0934267586267348,1.7001253989410594,1.7890716364159116,0.8443327220853246,0.5680185453711801,1.395796153719546,0.73018303547507,0.9870593305804956,0.9296522347729433,0.6672413759354372,0.45300634269781587,0.0,1.2063128469639977,0.9202440621168526,0.14854466683125322,1.6864577845093516,1.1680233697133016,0.24013611754759184,0.36011802488719613,0.13098104700318378,0.44520674114307424,0.9144736075199134,1.596839076036468,1.2184466485485157,0.5848291063677606,1.6098777701185203,1.6800863953843779,1.8922238805072173,0.4506137292257858,1.324298031649159,1.177163250432655,1.6115208854230891,1.6423202297428663,1.3571283267961707,0.1225604280642161,1.082353751631093,0.5708215051532551,0.43403603741953967,1.4624655399798625,0.18904365586138738,1.092160294465812,1.6189660139904862,1.3562179669330754,0.6991047088485931,1.0561269872946244,0.9871549490687763,1.6460289323223622,1.0709634968950092,1.7059153648800212,1.7683747322509442,1.3015049561341738,1.257861805373976,1.9618884575534907,1.7889680066390132,1.1124537204723701,0.8306492839874045,1.3375198689857828,0.9992284979573886,1.4438737090505593,0.6148547558232942,1.6810809782363776,1.545105190958823,0.25623413507076703,1.935065338001321,1.3105741848708434,2.03765354284009,0.4471217938645816,1.9468851986428142,1.5068331449302306,0.5012208689387364,1.4340697767844401,0.41511443759078853,1.3485826572045103,0.6432628116405001,0.07276361314256481,1.0324248733144195,1.630373711382497,0.9403830712944006,0.3492202958878047,2.029791410327063,1.6281618504712496,1.0621637833782707,0.8630368194214562,0.1930979874747774,1.0778134104683912,1.6232166502851562,1.690631984857943,1.0058816866338112,0.23375592800335498,0.9995784073181813,0.20123969818083418,1.7751961820054374,0.7729456537025868,0.37930236788447824,1.534228812228029,1.8858713356916657,1.3687143114296052,1.0948562236842962,0.28412091013018126,0.3976548992268687,1.2249648057220333,0.5455698846792363,0.6972896765724591,0.9573416872697006,1.1521864560297643
0.7153622921686625,0.45525468868422814,0.7913171495447769,1.006712537375653,0.4800150016790474,0.637222641255123,0.33815512001882025,1.2167694213783415,0.5047882001129913,0.5936695432694745,1.0863248036164437,0.9181643299367273,1.153376200551803,0.8278317332337539,0.6208662214005969,1.1783956060895453,0.563727680336648,1.2357602994895514,1.2285951210806143,0.22771008903677264,0.7836446477290995,0.545217163421186,0.7829083276342432,1.3473383059882607,1.2406631995551918,1.1407674957135114,0.6463600406388671,0.6853868156002192,0.8518181906717933,0.43815812720869546,0.511880724401639,0.8686153744904486,0.6394880923771741,1.071499058922184,1.1978183108275509,0.8043620736188921,0.5199420857334174,0.988159164857385,0.7640248197359923,1.3387844447507267,1.0161591006312825,0.4418872523119273,0.5900038775799993,0.05051462255203765,0.27468694741497146,0.5519845879627011,0.28022328864263335,0.4725867904724666,0.5591989613553178,0.7842034791542103,0.20168863818585395,0.7257379963988129,1.1047627837068572,1.164248205440353,0.6878596439192198,0.9304927198124121,0.5836276426320789,0.8174842060174368,0.7388139610430007,1.1080727512408985,0.9158184799388933,0.8610837427895778,0.6894429975108112,0.9427202863976368,0.7561078383147289,1.2595015520872637,0.5394259171778436,0.5911016576441016,1.1314254870375897,1.243681221003825,1.103364535312009,1.266130034564614,1.0257015736289214,0.4173027194402048,0.6330602566136038,0.9555320721148923,0.619176131478851,1.2259675254733235,0.7194084726972529,0.23359890661931182,1.0503323632758612,0.7127685349177966,0.3748942597178121,1.2335328878920553,0.7137372061453342,1.0180703019122503,0.6307019321571249,0.3781075502770413,0.47991626448847524,0.22345403744351844,0.3561924144855792,0.9350741422492346,1.0517052931347601,0.6773732608099504,0.3283868649663796,1.113946938566186,1.087464291973712,0.935013128575112,0.9893235731664832,0.36296767594379414,0.8554187102461999,0.18971946263197267,0.49887818268046236,0.9944251171914682,0.3298720332737068,0.9467530962865671,0.7804444366465847,1.2063128469639977,0.0,0.49723803321821086,1.0605426477000242,0.6717239980972718,0.06240643014437586,1.0416386817660186,0.9667942109909499,1.3244213122673645,0.7697911121466379,0.6212369270825479,0.3982990537140718,0.10399197872936691,1.0385179931027075,0.9227768029947968,0.9583240486553686,1.0299001434445583,0.7589351139384632,0.9902465632528761,1.0507075287676604,0.6954952641972874,0.9775662971809914,0.24552451041754864,1.3138057488803099,0.5417604099643247,0.9160466429439065,1.008998131157673,0.7400281401639784,1.1195695713113307,1.3904429828710994,0.9078537663644284,0.7335055691639221,0.5123152072061323,0.6891574935049118,0.7165535592235778,0.7452798425788238,0.9077707976744708,0.6375696087839671,1.0454512760217907,0.20254663989754224,1.0435155632191044,0.9603545256441568,0.6282525228603829,0.6078151752066113,0.47353897382545307,0.14689756512696356,0.755107116766956,0.55755540521244,0.7430327598361465,0.959964691341971,0.5633409564157424,1.0738938471641821,0.9930652653457126,1.180227024864931,1.1309813404689502,0.8981268842520236,1.0779105835977372,0.3021599386876604,0.8535167791804185,0.23500808430030176,1.4578833038434509,0.7332504357189773,0.8842634942107069,1.150900471972506,1.2778327212349516,0.7468753611985034,0.7586464089428478,0.8705837185463617,0.9776697343886815,0.7431121398320845,0.5937591265178535,0.6645150572685097,1.0690906833974674,1.1928355001174746,0.4459944359153893,0.6409248704892555,0.23481432814399555,1.3209197307721898,0.56502216127315,1.0074494689905278,1.1533419413590693,0.6694654498324635,1.431127930049789,0.8327358916922141,0.8732308974305005,0.5548155801254812,0.18567698427297796,1.1443864202192506,1.1768614107334439,0.2592230109863835,0.8026948440763992,0.6452319854566604,0.26809370773869845,0.9162222142501251
1.200475862332682,0.24738909786462515,0.3137700715908077,0.7391321837961095,0.8223194249519422,0.17932849431929102,0.8292509438367849,1.2591042669876653,0.012487908469294838,1.088987972307402,1.574804205954864,0.6554016023732645,1.5169970395244032,0.6653783842971159,0.7348835399087241,0.9073510692845246,1.0563179115061434,1.5877417169940717,0.9853717783735664,0.26956698548474084,0.7473415601412844,0.8865134366548408,0.8157166875690676,1.4810029246230956,1.1996506494810208,1.5600950212976403,0.7079104561856866,0.2781954759965379,1.1327915786922902,0.8685421193200303,0.9985418286299309,0.5985724580663507,0.19962516557448387,0.6847323169516497,1.670924044470401,0.3738799417984585,0.14223360854825617,1.1770389519712776,0.370931809207487,1.4092595210820626,1.3002613650098582,0.9364366282939017,0.10499561668891359,0.5438996720355236,0.2614496642511223,0.08341011450029034,0.22566680651781,0.856106810178901,0.6040116272723253,0.3085574684221679,0.5920532745684727,1.177311740282616,1.5752896838341182,1.1585959695382053,1.1085738490505834,0.9440553987628051,0.7288692009630274,1.0624969620439315,1.2327709598301693,1.467444873418998,1.0634993215705881,0.5917543886039468,1.1782056556503138,1.4271227679747698,1.2340500173724918,0.8848346555416252,0.20069782939653555,1.0822327686240028,1.4967731493626248,0.8366970895248431,1.0433830110275348,0.9881156597480258,0.9077965919014561,0.4857928305564474,1.0981991443072168,1.381360965568618,0.8113617575009728,1.3844134988354406,0.7581846187014146,0.7051700558197451,1.4960140541152545,1.2009148964376286,0.8720098820713788,1.6198194516333069,0.21789065830545495,1.3805187100628549,1.0907003942554891,0.8628200025682976,0.8660947934881182,0.6517320406565931,0.5572059793132791,0.9268249684637538,0.6655038737599952,1.0771971191479501,0.2050326312893394,1.2583974616483202,1.5839460182485698,1.3848197714035178,1.450698163971279,0.3262518491584673,0.8286838779389818,0.6516910377441127,0.26718831604511395,1.1627275725324733,0.20200824854715566,0.9730050589570619,0.47275362346295674,0.9202440621168526,0.49723803321821086,0.0,0.7991958121782288,1.1644891563093018,0.5070154487141608,0.6996964014717291,0.5924317455730853,1.0107292572480655,0.5871750876141588,0.8118417295366507,0.8624648883738845,0.5795017787191508,1.016015673770623,1.3492637508311904,1.3974887372062623,1.5065233479140157,0.5617789308512252,1.2995784992290178,1.2866610539429313,1.1706427561398567,1.4012435113646722,0.5105091487083715,0.9998516500206032,0.17952047336689192,0.46625529602441834,0.9144798682987179,1.161563154542912,0.7761484925233095,1.50594982209825,1.3405203260981204,1.1177735009552763,0.3319296796207515,0.9494477655989334,0.24451289342235985,1.2193456650624446,1.1314142174865183,1.13453610795203,1.4898785452879217,0.6895741784599564,1.31363309484842,1.4557561112025152,1.112565940340895,0.9123395529468485,0.5879091149404441,0.558685948374325,0.28418052497876745,1.0145975201696507,0.7324253093519925,1.3990476051960787,1.0466915016137157,0.7136968004743987,1.482369655075963,1.4362921783345444,1.6176434432993392,0.800124123254665,1.5571251601733709,0.7588753353538511,0.7830460332460805,0.7120700195598044,1.0581257913644522,1.1146111521088073,0.41607115588143284,0.8878569052788527,1.3992911791825777,1.2169002166616305,0.27112657543983637,0.5775337751912466,1.4748638409901031,1.213316128650764,0.1888223736912909,0.8199772603026999,0.740519914861024,1.353873677296583,0.9286443475665609,1.136836559377882,0.27942126179596055,0.9587881436388467,0.813971103550094,0.7268402213419463,1.5754430924338354,0.7655899200978488,1.0379725027548505,1.256375959151906,1.368708343474018,0.9863830817766723,0.5427735908007311,0.9771175102440848,0.7579867659310121,0.3569700276539225,0.39596908829249283,0.6793369781349096,0.44867850484503874,1.1733350944862477
1.5292203028378024,0.6363993213259124,0.9007362031587601,0.060072400959231616,0.992015261779571,0.8956530525502773,1.3596969430505983,0.742931479715103,0.8065794392023911,1.4962994823502282,1.869081082955442,0.14780822822380082,1.4711125793259852,0.2632952953118808,0.6610551491426094,0.11788879211021552,1.555507471537203,1.5041523738533207,0.1862003547762233,0.9195434640925253,0.43471181579102786,1.0176941491467435,0.541492883300734,1.0439236423494465,0.577918355082601,1.6283085454758248,0.5887815716261506,0.5337950955385528,1.0498940658665437,1.1500997711196788,1.5274825905846872,0.2038499540190164,0.615999831360362,0.3033601413483865,1.8822093577758559,0.49542632409876075,0.6639011233143034,0.9246983336066279,0.45166331091716766,0.893456375641768,1.16242249065959,1.4373440246744593,0.8294231632961542,1.0792182908095125,0.8186962726542367,0.7213828601934626,0.8515405136136243,1.067386674627291,0.591427875315321,0.6213799667060759,0.9829248796622879,1.4046349855963474,1.7887153275923884,0.6038479906341039,1.284768844305257,0.5333037237748526,0.7041968602814644,0.9522847251017452,1.6066518060899646,1.4237792081373852,0.7973718905122553,0.2112241463337685,1.5280061852177522,1.717677829427642,1.5280962444497967,0.32819852809268546,0.9915904702343872,1.4614737735915067,1.4586620013559284,0.40574667732992825,0.4519939709562914,0.20559600882934795,0.2974193469626164,0.6743805989658161,1.3806525032198325,1.4993690209463566,0.7785725921044178,1.011376381998199,0.5506502894840539,1.2890477852691973,1.6431934683749345,1.5437853671208361,1.3410819445584572,1.601747590122426,0.7920910764644351,1.3635445398254937,1.3612924764899441,1.2648047313930066,1.0763973050841198,1.2817166922223475,0.7893395028762646,0.4920985439069355,0.30261015756515725,1.22257764767991,0.9544486747935379,0.9028912527640945,1.9486308895664826,1.5631740212535452,1.6514414574956968,0.6996575539938308,0.44536055737602076,1.2497607932282429,0.5922297409608505,0.8830357712924396,0.7918254248238744,0.5636653696826661,0.3264663726337295,0.14854466683125322,1.0605426477000242,0.7991958121782288,0.0,1.5397291339159216,1.021138514788984,0.1912754339581518,0.29291540362386537,0.2766314141449231,0.2967254450197683,0.7764231937790251,1.4495702028769324,1.070682826828902,0.5000751521018303,1.4757063583491636,1.5451478688980693,1.7525012933504232,0.3028937321978494,1.2062663856517235,1.071213734058953,1.467164015343835,1.5099983992153532,1.2177078964907015,0.2671505122423132,0.9679906741670241,0.506098452296222,0.3406466988762347,1.3237668957596134,0.1941284030085281,1.035369988164842,1.4836370897191946,1.2199887096365383,0.5568610224258277,0.9227425241491738,0.8921094605421469,1.502511228352733,0.9550015982969704,1.5581142699013646,1.6346435612489294,1.1530848408757355,1.1474358862515812,1.8167515929266473,1.6404598344378234,0.9738457173400243,0.6831511539441489,1.1934960407024833,0.9087454516832324,1.29873173141293,0.47784116285823386,1.5461928839201833,1.3984005869154015,0.232887515465714,1.7920805986658814,1.210806203554612,1.8968653509857907,0.32314245213372894,1.8072822087451956,1.3603404668619126,0.37288604950949467,1.2870837633293202,0.5234425436079347,1.2125313060535212,0.5734006109950296,0.091817830335667,0.9636909309179328,1.4873386352247773,0.8511304524283428,0.221734491307445,1.8832180192504326,1.4850471255650024,0.9529252997719793,0.7274273372789433,0.1544632953883057,0.9938933499866824,1.4750505653441404,1.5431378686526938,0.8647059631643503,0.3414033596497744,0.8589045804294039,0.07646043388952499,1.647815860481222,0.6356656426836946,0.4878887435412011,1.3979181289759224,1.7400542193526227,1.2247219225880392,0.9465442069926803,0.2470037667427037,0.4162168033187475,1.0893238736608297,0.4485653686621847,0.5547878716710851,0.8094893277753739,1.0344494019193027
0.0882935666060674,1.0621398759968363,1.4630401265638937,1.4992853098253562,0.5606549559212994,1.3088642424279453,0.3892789120903962,1.3547369431033978,1.1729553951254728,0.08618427079574223,0.4167756809530488,1.422306170218034,0.7793403179291805,1.2769069358731477,0.9026132793902033,1.6491012124555224,0.247908309105216,0.8679392889576819,1.6682232374732506,0.8971668451085708,1.1389478401749094,0.5585479132656727,1.0695278350315593,1.3324386851905792,1.4733367354224007,0.6376067544903451,0.9690660104557982,1.3097680188608565,0.7593269528775894,0.3905691720139117,0.31486697106916,1.3871828426519748,1.2815961720530178,1.6450458958525538,0.5541613444500043,1.4276764451988644,1.1615928891934553,0.9909858615170262,1.372268209227608,1.4136348993234162,0.8472439019720449,0.29085475381703124,1.2605617341905768,0.6227104224161052,0.9171621947767774,1.2103529319585822,0.9403594512887522,0.48263987941905623,0.948427481482889,1.4326956992674287,0.602755787343607,0.27010255930216254,0.4720733632574119,1.3727999386815843,0.37319738796495394,1.1825032128616833,0.8542373109324971,0.8056969889052517,0.07000450552370455,0.7552667589468548,1.006795386960173,1.3806097677184934,0.04788868824182609,0.28336676720482273,0.15472147240434053,1.8090113930102651,1.2049204237363371,0.08371233349703637,0.7590669937485077,1.8208219586742866,1.3868825740085318,1.732304390665213,1.3858296056098613,0.8851965625860071,0.20143748613206292,0.47988133054641396,0.8071292745554979,1.202367788382548,1.0282441306508145,0.5251079771770589,0.49303407933906895,0.06471819974329106,0.30538524840259235,0.7915971784302505,1.3822748206609492,0.6858453805289736,0.22533857566469379,0.3051325074863161,0.4752836216983584,0.6121865460467135,0.7614636302999213,1.2093783313057416,1.626512590242302,0.4331686832519753,0.9987322009617768,1.1413338970398235,0.42630635301047093,0.39038082932011253,0.39542270671263813,0.9429223539071417,1.1754060575961212,0.5733985080423437,1.0972325563715364,1.0259014795708767,0.9786075752610675,1.179115749702631,1.339769789907259,1.6864577845093516,0.6717239980972718,1.1644891563093018,1.5397291339159216,0.0,0.6576733134989051,1.585408809266576,1.54138862555892,1.8162640390734006,1.2502841531372215,0.809858519809678,0.4577977952589498,0.5851508059986323,1.2978675786242413,0.4562134148485948,0.44142073839042795,0.38632111979188644,1.2527537894923104,0.7821005274718081,0.9554095821191797,0.14793212991161964,0.5013737955866839,0.7942748709882342,1.8068710405424617,1.2096641848111793,1.543020129163087,1.3505840829952926,0.38281392094578987,1.6561108235368691,1.3929043088278057,0.42750913819332176,0.48802476367705794,1.081564775659482,0.7282943614001873,1.3882742651713305,0.17055200681662583,0.8880747195461084,0.09338687283424585,0.4926577452941078,0.4749534508317905,0.8907438260865,0.29422397283426593,0.31343224355003974,0.6320797178947312,0.8572401813908869,0.6696206574370361,1.4267722181137514,0.2566509032701149,1.0902493496980972,0.44285607174601305,0.14135357268983667,1.6277235126430285,0.32316479736395637,1.010702530869384,0.46337099560595113,1.272659270139968,0.4254750599330749,0.5203146066146369,1.216265352478601,0.5111625904789185,2.0172879990822046,0.4954450128464573,1.5243546084235193,1.6184150691200179,1.2956658963887613,0.19252958645583168,1.4297332754970657,1.4043814163100758,0.3436167031554655,0.19003670643232237,1.263107757809528,0.8703679440690173,1.5997411591502357,1.1738751390885533,0.3647955651613799,0.06065621299655543,0.8883632376932964,1.855351079827435,0.7148702771486077,1.5099277533417388,0.6409049635747164,0.9426187011782281,1.9859227659770466,0.41337653010224956,0.20882535669203384,0.34297021612517276,0.6517232767363118,1.5270222990240794,1.767365656638822,0.8996153572912476,1.4136571310521608,0.9956833555263199,0.7892123935799146,0.83639620253846
0.6944339071636944,0.43341364130277366,0.8102124897457785,0.968657822364173,0.42153901337982097,0.6580845621856207,0.353012934049507,1.1558567368166885,0.5157170086379644,0.5835653930677719,1.0681933387199782,0.880965436481449,1.1019668755377217,0.7825611711241239,0.5605489893856861,1.1387496539302755,0.5728438928757409,1.183257279971002,1.1856900844335618,0.24257989553570009,0.7293219403939094,0.487451307762329,0.7245665751274155,1.2849320301672722,1.1829587046252357,1.0981849564430919,0.588207353904561,0.6722242484814037,0.7920211255042181,0.3930725221537203,0.5274930547347484,0.8331230608012171,0.6329638807476332,1.0475420325268374,1.1710468522731474,0.7916574474235906,0.5123721270065391,0.9259145046603546,0.7464069308136875,1.276981036541998,0.9571866897115175,0.4497195790959786,0.6046889805655861,0.05814543651067796,0.26446990535846676,0.5539747689792501,0.28277223278807484,0.41877522152176766,0.5038612217709798,0.7813061556610601,0.14147895522171935,0.6895556109441716,1.0767314194302677,1.1052346189220963,0.64326760273419,0.8718558063077559,0.5225211432140492,0.7560507282760768,0.7262521590589364,1.0559815370491583,0.8534832241879912,0.825666561096313,0.671335770394071,0.9215914149636478,0.730845339771629,1.2319232471589647,0.5707646235836589,0.5752423152750098,1.0801512171868926,1.2213299531595987,1.0473909327423916,1.2264612785744076,0.9741099700848499,0.36588459613536195,0.6012990389933595,0.9136388106489344,0.5568586370650712,1.1636170835442048,0.6614721593936064,0.2679709023137052,1.0137393079658181,0.6941553369851264,0.3720214770294411,1.18547506354602,0.7248937424972263,0.9659797241333371,0.5968930834989784,0.35617793785283836,0.426616682904202,0.2739147289191625,0.2966408167235715,0.8774718555767083,1.0278970318222496,0.6286046401594321,0.35651675519642506,1.0515433952169855,1.079145687735168,0.89922534869432,0.9574937232452834,0.33066343166700907,0.7995793471613726,0.23192675669608295,0.4752165894544353,0.9320344615060677,0.3242717072922126,0.8874495330104898,0.7512886657383774,1.1680233697133016,0.06240643014437586,0.5070154487141608,1.021138514788984,0.6576733134989051,0.0,1.011798415970154,0.9424012457087159,1.2883141373600817,0.7276343610162451,0.5589303493077893,0.4292987051875795,0.07252296692265096,0.9809285858494076,0.8808846982518813,0.9196515441257052,1.004509500118939,0.7184575432005988,0.9328695682106138,0.9896209456297724,0.6685899736120011,0.9352939424054303,0.3076935045880058,1.2778083709010597,0.5707246247380613,0.9051467812844132,0.9559231800932121,0.6960026819897271,1.0889945833119064,1.3280708954860743,0.8673369861955125,0.6826854835942344,0.48130182847275294,0.6277283963049874,0.7360697696061318,0.7179946255796975,0.8459994160344673,0.6319090278786704,1.0084949513314683,0.1827555402997482,0.9838599665874914,0.9498343090188266,0.6441524820786783,0.5479087180163482,0.4158694171638874,0.2058767915926859,0.7753095476146851,0.5221328062194256,0.6876523674349538,0.9212773511419301,0.5408888389473994,1.046081159343288,0.9755618380182763,1.1202556530767969,1.1115297185648172,0.846514618696017,1.0539123632624352,0.3396691968485566,0.8005295878600628,0.2660665108397711,1.4329045100586548,0.6820010415813854,0.8780297278729535,1.110685252083977,1.215464782069046,0.7177142163330786,0.7742332987769248,0.8376157359755007,0.9747146317529692,0.7140172140295618,0.6204754113080353,0.6026080280520115,1.0372113542477648,1.1304874985787043,0.4657913165588802,0.6319333508866762,0.23153224144841397,1.2910715250200733,0.5028191652662541,0.9707905942274638,1.11137485325768,0.6093770277205066,1.4052158632902816,0.7897516645610737,0.8629381720895782,0.5115638616401169,0.12330180394492238,1.0954795860376174,1.1571420222260589,0.3090286720507439,0.7861556895981029,0.5886877306617249,0.21748477510011638,0.8555518281985657
1.5853184385243393,0.5906108292669864,0.7463953018446943,0.16290072357844673,1.0606093291847352,0.7651958412259419,1.3620851585745544,0.9267364426299488,0.7047381940221481,1.5332786843961443,1.9398588176593194,0.18509220858698927,1.601428918894631,0.35978433855258357,0.7542239265753925,0.24518683870609218,1.5712430342163657,1.6416744399404646,0.339908562576039,0.8687659656349851,0.5551665546848313,1.0964265281513117,0.6690284494265696,1.2241788230192228,0.7680978359692942,1.7409057117515878,0.6828324882873069,0.42168335337785945,1.1744125958060443,1.203082667095248,1.5347967283039998,0.20205366372780564,0.5026734047036215,0.11382492770099599,1.9709371403013984,0.34992476662930266,0.579219677000556,1.0752373387948055,0.3295777448008393,1.079494121807965,1.3011234165572187,1.4496324275265078,0.7086476459565374,1.0684045075165087,0.7782128443781728,0.6170880026985023,0.7994157732227013,1.131514491608503,0.6563207412564673,0.47017516374434337,1.000108731324075,1.4795298669383288,1.8754453653207628,0.7888660510233027,1.3665197542672578,0.6915977651801913,0.7908251723947639,1.0775792456395559,1.654263033882043,1.552663744294484,0.9446099283172986,0.2077637594076577,1.5792734097004746,1.7865598203883843,1.591935938537114,0.22387123190874364,0.8778092026507811,1.5041099779904432,1.5873293626715304,0.2539246166442506,0.6369968960437463,0.3072860382068568,0.47709131177828434,0.700623971766699,1.4427888101431383,1.599470673046818,0.8752923879837773,1.1832277096515498,0.6622026817937983,1.2750026056558366,1.740687507071244,1.5970429248816675,1.3583688576864363,1.7296931355961156,0.6492719511041555,1.48610602852217,1.4254049446872947,1.2953931737399371,1.1412632209824205,1.2546015481241433,0.8239509420943784,0.6519556432507749,0.1114067673279878,1.3084295361942218,0.8790356163997927,1.069534387349818,2.0046929246866676,1.6525908889365202,1.738178297711321,0.6811453924070449,0.5876693191928942,1.230517193811351,0.5456317364825217,1.0366772854470097,0.7389545540860871,0.7239954872039599,0.2612107481898633,0.24013611754759184,1.0416386817660186,0.6996964014717291,0.1912754339581518,1.585408809266576,1.011798415970154,0.0,0.12006028270561585,0.31149726065000405,0.35005886299766736,0.873539437678712,1.439191191759748,1.070177963372792,0.6760297113344855,1.5735309228251357,1.640401251466037,1.831714634622573,0.3397935253680231,1.3383494108279816,1.220510316433196,1.5288090189181351,1.6121920849929583,1.1650274765451265,0.3006818939930923,0.8536716847622664,0.33193320417506483,0.5165518757780047,1.4098185832921146,0.07890032344307446,1.218950698735094,1.5783033509779605,1.3146886983751287,0.5305189817819352,1.02933915554406,0.7487365208400601,1.5680829037611066,1.0931005485207268,1.592768982026513,1.7324457315942463,1.163897243724486,1.2906326014325356,1.8715561500683768,1.6504732483061366,1.0649168592096958,0.736151613885634,1.162053525622648,0.7597779282023859,1.3576281368097838,0.5897026857231875,1.6415745044164156,1.4455061702066812,0.05067415097413876,1.858116438888541,1.3654318062203634,1.971388721520682,0.4714515257126099,1.8865906611179462,1.34361546586219,0.5104937022004363,1.2753585030678543,0.4319066884320117,1.3078222133794113,0.403701375193193,0.24061128556240163,1.1425174071064166,1.5552935374648293,0.7008241835798021,0.18102930458548208,1.9279128373864298,1.5526567135015983,0.8298442482128177,0.8328658588596843,0.04719108713328977,1.1635645873139873,1.4764485468758977,1.5815732381732681,0.8238849923842028,0.2793553812296638,0.9452249009538137,0.13552658679745463,1.7599990877145146,0.7394711615990615,0.4006570331737298,1.490559991837372,1.791051547130559,1.2907485379186703,0.9576130061977658,0.43814760663430624,0.23907232115071508,1.0245373141968086,0.3115905875871652,0.6442027317473832,0.8153132007906748,1.1689004413507673
1.5476644253971725,0.511573515476439,0.6263385061086036,0.24836108784012384,1.0364257181997425,0.647886486096539,1.2951653752140542,1.000317574132711,0.5965207935585412,1.4844492838701842,1.9094894944455494,0.2259106610710222,1.6158327170795888,0.38694943488160716,0.7532677474599289,0.36326194176884585,1.5100665523088608,1.6618187013929333,0.4568002032158,0.7804224577986213,0.5810439180679956,1.078318187141358,0.6950038732257777,1.2905877280424258,0.8557843259231207,1.7406639669897244,0.6849632304045113,0.31504805775148714,1.1878402836746311,1.1670163656396186,1.4692713179750252,0.210336003854178,0.3932289903213926,0.10524197379987921,1.9523964389721684,0.2321298685207629,0.48056729771110585,1.111257985518328,0.2222290760643984,1.1558180166208378,1.3246552329594437,1.3873957599432762,0.5940732492086261,0.997452870495714,0.6966131381942083,0.5091263920120641,0.7115642398214517,1.1033977388879292,0.6404631553472931,0.3504471293240729,0.945622303290722,1.4546672770899471,1.8559871803092498,0.865589096528808,1.347196982079445,0.7410217563476927,0.7843630086601014,1.092839357404768,1.610958372938284,1.5662187201861328,0.9795287204123372,0.21233192009526006,1.538685356408551,1.7557403642407456,1.5590937792471593,0.29757868200590465,0.7642509188558684,1.4588472117453786,1.6004868099696803,0.2806286082096503,0.7155795703134193,0.4273455570758439,0.552664402582834,0.6589107934451184,1.4100101738378448,1.5909511778251777,0.8734814128094931,1.2393477754686828,0.677078338937008,1.200211430068277,1.7294342034857724,1.5575537875664267,1.2996328837757047,1.7414463677960428,0.5300999529391777,1.4951180321225714,1.3940293252068963,1.2448394560187817,1.113482376626271,1.1734397271723835,0.7834631778353227,0.7037766356624896,0.0858375307038884,1.292448037537139,0.7793920273324599,1.1209467243415712,1.9647360802938587,1.6362338869402755,1.7194623944308622,0.6139760607048155,0.6276393971550829,1.1534737084548403,0.46804817190001197,1.07593146107558,0.6519255268594385,0.7744366375128685,0.2021829213352084,0.36011802488719613,0.9667942109909499,0.5924317455730853,0.29291540362386537,1.54138862555892,0.9424012457087159,0.12006028270561585,0.0,0.42596358100831433,0.35251461551716234,0.8720422978427378,1.365027530210933,1.0047387569890704,0.7426889727526576,1.5635719968668795,1.6281788687412035,1.8074139677560235,0.33373262623977706,1.3561057402499255,1.2539183750441034,1.4950334627548332,1.6050864152105928,1.0726149770681404,0.415359023643298,0.7400828028508166,0.21482802327743408,0.5870548887501293,1.3929978804025316,0.18778341599057552,1.2903681000806029,1.5660880917424238,1.304724031071231,0.46536613825773787,1.0314641022724325,0.6292971671561116,1.5365109716198957,1.11831977015929,1.5421720586629133,1.7214582466686439,1.1035130723167033,1.3180721153425408,1.831433747480171,1.5857072831698211,1.055603746485092,0.7096645760519723,1.0795818170862144,0.6398460447510004,1.3235756711313336,0.6079461299296988,1.6294345615108492,1.4033967462058394,0.1216494725902392,1.825096919918926,1.402555612606532,1.9433140615781048,0.5214989673674749,1.8620748465412114,1.2669154565337637,0.5507181368207611,1.2017549816502786,0.4910890933874219,1.298339946324455,0.28511553662866146,0.35583453785605806,1.2074587999276916,1.5253403091119309,0.5808582697090185,0.17219565777945678,1.8814016486558722,1.5225008990918283,0.7139958974347244,0.8381404766230515,0.16702176494724139,1.217392125378218,1.4081537864403741,1.5332655306328804,0.7412058210073853,0.3678420094135933,0.9348177336318267,0.2220920397837241,1.7593417346735727,0.7462530093239357,0.464745297498096,1.4775866280848697,1.749010433244367,1.2618944691689538,0.9003658635717482,0.536638490190186,0.22867110237623828,0.9279841831712596,0.19785904648483357,0.6448307851411783,0.7580753638160794,1.1902478087826667
1.8049891980087769,0.8848124487119262,1.0431492538048115,0.3217924641827628,1.2669406736735782,1.073754823181992,1.6312504689259504,0.9018772579463915,1.0159721211142179,1.772882514589801,2.141842378111428,0.40758719119549647,1.713011057799194,0.5394589342040415,0.932368613962881,0.17193357040531074,1.8301148158464908,1.7386053597140307,0.2029058845533289,1.1673896090028906,0.6999592152222424,1.2905062293734424,0.7994981303645307,1.2061614457247856,0.7054583096947437,1.8832752262006747,0.8606604381593422,0.7329818703455641,1.3006040598786421,1.4264630797110427,1.800458066205199,0.45580884780191017,0.8141580135238952,0.35984992827351947,2.1490687803817865,0.6580598788258499,0.8872733110862469,1.1513090537717992,0.6410581126786561,1.0354684229206241,1.3990115500282643,1.711207659403231,1.0193987728043368,1.346114724652462,1.071542077005724,0.9283459028262794,1.0982201811386658,1.342782971704279,0.8678692756510443,0.7734888953300403,1.2568227268239656,1.6771935502819362,2.0565871848289663,0.7651357899054169,1.5557658853369432,0.7623701225535936,0.9768757513209463,1.2036242142659963,1.8830775481671027,1.6673397524977562,1.030941984046499,0.463346459323295,1.8042305147429678,1.9910943000486583,1.8027708870137087,0.2118040607915055,1.188990337338295,1.738096034476919,1.7021552484314846,0.3257418315651062,0.6257061016305446,0.10960387035480224,0.5078484293304644,0.9486728548800771,1.655801140493895,1.762207740537556,1.0475317010933294,1.1986298961128705,0.8169724197246704,1.555452984038731,1.9067796683178242,1.8198324799817693,1.615689881255548,1.8449211477941578,0.9541942949426225,1.6128634512585667,1.636163919639067,1.5409388572546434,1.3516740237142615,1.5429478075423726,1.0651644869461518,0.7212404539248457,0.37403940029932,1.4925038799376658,1.1862792841726644,1.1042739572404368,2.2240923266486856,1.8305944074273637,1.919650860257145,0.9615250645263339,0.6961337134390572,1.5141342364512365,0.8396511800770382,1.1064112157261767,1.037675703879518,0.7883155608166623,0.5562866674352253,0.13098104700318378,1.3244213122673645,1.0107292572480655,0.2766314141449231,1.8162640390734006,1.2883141373600817,0.31149726065000405,0.42596358100831433,0.0,0.5712658010663003,1.0452600505481777,1.7175846960275214,1.3407527124317946,0.6989007820783885,1.7397617063008612,1.8101366149308236,2.023085501764584,0.5744994976968952,1.448872877075126,1.2967291281951383,1.7422711205233867,1.7717102485296061,1.4655986332356996,0.010928568798015351,1.1648380967237073,0.6202977329424818,0.5544300352373502,1.5932383252428648,0.2381963836650163,1.184849205131244,1.749117662729629,1.4866137501078462,0.8137380669590457,1.1860458638731526,1.0524200369110022,1.776914669459196,1.1951721673341704,1.8346369154690858,1.8981086082929353,1.4261591324331289,1.379276951588929,2.0924545085840838,1.9141279654732894,1.2432614268439688,0.9597808658324611,1.4525265856407792,1.0601658531374136,1.5744168658571642,0.745651946404876,1.811119261864039,1.6749245663236392,0.30652522771536367,2.0660087458282215,1.426734626730969,2.1685987982731,0.5761675360989689,2.0777317209157413,1.6259485131688667,0.6308926557160613,1.5542902601379556,0.31391832655827967,1.478946308129764,0.6940546767558515,0.20266131784266572,1.1329053221127725,1.7613072448357188,1.001039170052881,0.4568811503788896,2.1597084344557422,1.759088641158028,1.1398671850853133,0.9935033668454393,0.27043159628915864,1.1865989098363814,1.7465519253736366,1.8197561029122546,1.1176787649664375,0.15439890184304203,1.1305487713888525,0.31756753929041714,1.902967797952691,0.9036915544533372,0.27990259435727594,1.6646023657653575,2.0161858345031343,1.4995202805245351,1.219095486761783,0.38936455507605483,0.38931676255576253,1.3291314977203665,0.6222663160437222,0.8282061895202298,1.0801830480264887,1.2769307243222177
1.2445089748582083,0.3758730984293471,0.7774119773501158,0.2501978101955672,0.7135361718204741,0.7246084483576395,1.0632667786748804,0.7152173593474801,0.5972362994447222,1.203756613221301,1.5936388086260003,0.17297328636683218,1.263588152542325,0.0783634552481589,0.4054951011892388,0.41298206964424794,1.2590697961811443,1.3093388178904375,0.4588265833904069,0.6491450350088527,0.23570421310446732,0.7471236096991275,0.34690010644750047,0.981917131152233,0.6213309906428361,1.3937397938630456,0.3351402843029956,0.37928283850771904,0.835542105301273,0.8629597289595757,1.2307634703429786,0.14941998352635685,0.4465539031079815,0.4376889400954524,1.6211196251245819,0.4127474719184767,0.4449764034884982,0.765710420935238,0.33953199558502445,0.8719845754127297,0.9727426746936784,1.140668885808603,0.6469488724722472,0.7857797170525002,0.5438012257477858,0.5234048715389215,0.5844450124084903,0.7861747867492073,0.3082140922264942,0.5226194708896021,0.6862287591424371,1.131621316193537,1.52578284675127,0.5959614599534917,1.0171373134450397,0.4188789802816047,0.44091363419817164,0.7403492049835754,1.3181038817996087,1.2140776480043174,0.6342242917463758,0.14490810613813396,1.2409339986955805,1.440796108491301,1.2477392058545769,0.5673127320867593,0.7878479611470218,1.1707375222993575,1.2484231082810355,0.6022430745642124,0.4650526695841742,0.5003370834958744,0.32103495957512806,0.37772708547700523,1.0990088950289818,1.2498264403148978,0.5265717335764155,0.9142605185514237,0.32472512923114116,0.9955365354486175,1.3907473072380583,1.2576793707799936,1.0446325424688379,1.3897117468317541,0.6531403152197389,1.1439554804125307,1.0808059691262906,0.9702026051258213,0.7956831188448973,0.9925172848224103,0.4942177030567531,0.3881143424880987,0.4234391314535219,0.9585526270249067,0.7048839439667728,0.791015396753028,1.6644714129623426,1.3026319131118396,1.3884561320988342,0.4147225765103547,0.2971673652106124,0.9579224925824347,0.3368617122291293,0.7332332444921171,0.5278685868305376,0.4523291496978906,0.19369952096644968,0.44520674114307424,0.7697911121466379,0.5871750876141588,0.2967254450197683,1.2502841531372215,0.7276343610162451,0.35005886299766736,0.35251461551716234,0.5712658010663003,0.0,0.524920221146291,1.1547789727929816,0.7750700011419754,0.45605034513276443,1.2236801479909352,1.2903804537040757,1.483198340923439,0.028512631462369598,1.00359119134993,0.905949869116926,1.1853943774556974,1.2628116632837012,0.942793746565342,0.5613146300883338,0.7662597752667006,0.48876973653602596,0.33164263192398813,1.0599881535747637,0.41221689658423133,0.9918205327206704,1.228275276739994,0.9647542672964042,0.2858910599073529,0.6825326944010924,0.7457250167311624,1.2231879612930976,0.7671595322544018,1.2649972880078035,1.3825275650608824,0.8563713270329135,0.9672255719208361,1.5318034677955987,1.3437632981721,0.7149381753172324,0.3936397243964722,0.9067892570870759,0.7728286777958684,1.0150543455270027,0.25689683030791594,1.2915579691229078,1.1092672947731397,0.3983086303303649,1.5134395983772613,1.0563019257274902,1.6241000543291435,0.22427086520630665,1.5380958866637637,1.0672920643798793,0.22760722592111332,0.9930056684985974,0.7760932919680502,0.9579326973540897,0.5290461619320952,0.3840983468543526,0.8975729692725166,1.2095325737165732,0.7226131744600613,0.18152511436166155,1.5938622699688754,1.2070096731208377,0.7656863552943609,0.4873869105348933,0.35486213196189403,0.8893541769890886,1.1786094783535586,1.2511173319755837,0.5886217409636919,0.6067821027358383,0.5951664789889732,0.2596465650900928,1.412672786014503,0.3947381497762153,0.742913572505023,1.1405033764547432,1.4531850202722552,0.9451523098987731,0.6499476445309855,0.3987390548390918,0.5718924985929009,0.82587691300978,0.364542888132184,0.2956837326363377,0.5138863306476711,0.8380719206615467
0.7809536069117302,0.5778166606610781,1.1060715834583272,0.7492080018522757,0.2530906843442026,0.9905852361850462,0.76545891657453,0.6115149478103115,0.8243066408390162,0.7874511338007928,1.098941048121313,0.6905631797600178,0.7533541876118428,0.5205137558518841,0.11942833506723119,0.873531694287287,0.8974483740531163,0.8095665689658313,0.8766969317359575,0.6734267902025821,0.3457518264915168,0.25398448985141925,0.2609766703309591,0.7278954654052671,0.6822950235167208,0.8691209726536151,0.19089860365717284,0.7714754326736365,0.33372454249726496,0.4310107874423655,0.8966700997262207,0.6743308290953555,0.7946879542219176,0.9620452794393984,1.1058336196402982,0.8606012617363568,0.7111970310774242,0.37942528918125745,0.7862548544260708,0.7214503041394382,0.4944812188698662,0.8008151925503085,0.9116386660404825,0.6007974311353259,0.5918733306224533,0.7981319410844835,0.6491408022790297,0.32980203977671807,0.24251482609507508,0.9300773014634397,0.43066146379120457,0.6350355315243984,1.0123158266096883,0.588892572638108,0.5112056965034546,0.3767706345402921,0.09205196279766069,0.2525962231288925,0.8705750575516454,0.7029793043377137,0.2946366311276983,0.6697810315725728,0.7880160444275308,0.950159375779834,0.768625191380023,1.0844927782826304,0.9757601177858501,0.7418120718078931,0.7362934276493494,1.1267773862590182,0.5798992265260268,0.950435672724208,0.5798539573207137,0.3260721968097219,0.6274047019150458,0.7266452374842609,0.0027883619136488094,0.6103750390754227,0.2289698071115637,0.7661609653934263,0.8690819953874407,0.7997816742553172,0.7008656249834277,0.8744361932852762,0.9844123756645137,0.6266882586455433,0.6056262461021483,0.594091821266038,0.3360346881717151,0.8101275527155758,0.2848975295723327,0.4006500222681767,0.9471630104681278,0.44728932434016744,0.7913829009474904,0.4940870558936798,1.1925444188199545,0.7867613741306558,0.875087276100299,0.48635068230376866,0.3684119864949086,0.7552181323447624,0.5805319977189288,0.37786588273196925,0.6308822110633164,0.3785262291893276,0.6835948633885081,0.9144736075199134,0.6212369270825479,0.8118417295366507,0.7764231937790251,0.809858519809678,0.5589303493077893,0.873539437678712,0.8720422978427378,1.0452600505481777,0.524920221146291,0.0,0.88586206524975,0.5545908777147587,0.49373982074177436,0.7015497744637428,0.7699107606842858,0.9779269470915051,0.5397439590557147,0.5061161487231186,0.47557912884290665,0.7120962642311761,0.7388719645852193,0.8647468331018626,1.0370334462770772,0.9634545832166028,0.9640147526714181,0.5424160017945768,0.5479923420142195,0.9302091902119021,0.7694592478300477,0.7081104147715691,0.4440671721706007,0.5241172544369388,0.16049800160162142,1.0471606328133731,0.7413483203492857,0.3204873898565519,0.8510933913203418,0.8606835687987392,0.5696150280561939,0.5037282013981359,1.0641659558068584,0.9919562592250524,0.19801906174260367,0.22428649487481644,0.7611864635993948,1.084683425461375,0.5545144615226275,0.29961885636961905,0.7710060942607503,0.6726108859411605,0.9225811905991845,1.0265521297260891,0.6244596364404361,1.1241480822765726,0.47551701285595854,1.032524912909465,0.833572591298883,0.4188217713690419,0.7559876315158721,1.2909757598342304,0.436781185332866,0.9805873958383947,0.8426824488259691,0.6568233977330373,0.7236067678943379,1.053970224875525,0.7050122422730591,1.1448394471063321,0.7217537330903584,0.9928343522856315,0.06097298962621523,0.8731539524536164,0.577511323250279,0.8685079596868878,0.8283472107423135,0.6097272127274461,1.1138478348450005,0.09523409079102708,0.7668002351962766,0.8879643870978069,0.14163395714431,1.2565114634302939,0.6217561823978563,0.9945559670516411,0.4713128416221382,0.4356628026654923,0.7222090831170811,1.095882775158037,0.8272922145078164,0.824206779431657,0.22939336330197582,0.4067275113693388,0.3632805360686909
0.5371488551853424,0.8534550775046781,1.1213192045828624,1.3976368892041846,0.6593349595049715,0.967860889204301,0.1255561995900925,1.496172577731395,0.8673588635010612,0.3738458258613352,0.8489932934307552,1.3101642559772981,1.168769552762895,1.2062975496835575,0.9286982380613559,1.5669682299396523,0.2373111398590053,1.2583028515825536,1.6112074557372806,0.603288956696444,1.131239275256598,0.70267664776889,1.1043786506838882,1.5625853800847265,1.5588080636168116,1.072992705279961,0.9737053943351666,1.078860593131785,1.0007030175281708,0.5108483042299057,0.1627342907592879,1.26240850098347,1.0267913401297708,1.4696492454901766,1.007685292193774,1.1967991015784072,0.9099334843618636,1.1956301241875855,1.1601983861110388,1.5947977088941743,1.138482449405093,0.17112031653898988,0.9401424060489716,0.37167441545854,0.6704915520070923,0.9291325940380238,0.6665172200987131,0.6046489878031824,0.9067856427323521,1.1647961882253803,0.4859469129505877,0.6532447192670944,0.9290677249972817,1.4708468587164991,0.6894759716805746,1.2455455292652793,0.8827696214127452,1.0044042566753704,0.5033179788058925,1.1338798968131438,1.160430654045954,1.254946770539159,0.4978273715059066,0.7351442101791372,0.5997304600484369,1.6576902202268888,0.8405770945903039,0.40891055795639547,1.1468034673559284,1.641377037307026,1.4365581968412395,1.6546055587040822,1.3829559842919017,0.783967325239422,0.5475329157580929,0.8974807440021457,0.8832278761254538,1.4326662232027492,1.0460296691561701,0.16484131517266756,0.9408734627980287,0.5198926134501197,0.22315869561822005,1.2097287843397455,1.0679515135761137,1.050537973793507,0.5605520808649891,0.33492843956984825,0.6052812466321584,0.2129950642465051,0.6889047626085892,1.2590337592300331,1.4498367668103096,0.7175044450196658,0.6645058033133787,1.3399194949175415,0.7961175152084111,0.8302696759571822,0.8497230281913711,0.7586402122146106,1.1932737974352041,0.21400405546775084,0.8971737947910683,1.216013051277447,0.7216793885646896,1.2546612473922818,1.17812059239404,1.596839076036468,0.3982990537140718,0.8624648883738845,1.4495702028769324,0.4577977952589498,0.4292987051875795,1.439191191759748,1.365027530210933,1.7175846960275214,1.1547789727929816,0.88586206524975,0.0,0.38051734302665324,1.3606710266636561,0.8681368500786971,0.8736492199991919,0.8422090261633618,1.1466920589485843,1.0897954080148975,1.2133846675523134,0.5616618535798095,0.9205436043758012,0.38842676768393836,1.7070880715533168,0.8516682640668364,1.3061063625420528,1.3597452157215517,0.7277716840683486,1.5168468962215245,1.615190778975444,0.8434693052026402,0.7839375823717313,0.9089818281631489,0.8873656121215038,1.04758121573351,0.6046948270716519,1.0985943133195177,0.3793373536780553,0.9392138344698783,0.32049903393778284,1.1761175668445851,0.688498240781144,0.26001036389394483,0.7852289105121592,0.8114666924992123,0.3038676636095701,1.08233640961062,0.5190772017453547,1.0857833571786784,0.875242193904203,0.43332074412422916,1.4720145677483367,0.7586907210245663,1.3115211720167796,0.898739769311641,1.256467788686454,0.8774460843400554,0.10362673609672328,1.2064681073552224,0.16384385974951607,1.8561095888463939,0.7879675938632851,1.268734259002283,1.5385927905620063,1.5060390631775271,0.6191745825690457,1.0997379443249107,1.266422085196979,0.6659162750139648,0.6156012319833393,0.9076882126579019,0.9420593284838681,1.46568646288944,1.4003859788197008,0.09525388144688579,0.4021836698492674,0.6278616607524039,1.7185422620338866,0.8022097800940555,1.4000413522104564,1.0794540118660827,0.977700350983046,1.8294231448923421,0.7980523920877194,0.6075716355888785,0.575653950088521,0.5111456350299478,1.511038579234074,1.57347945684514,0.5287021222043157,1.1981133632434982,0.9836194051958707,0.6410561959997172,1.0773904602771367
0.6224502542846286,0.4990013618442744,0.881883957808938,1.0197676549466166,0.3874949248440667,0.7292851604052545,0.29194818001916345,1.1610621035402633,0.588155665827521,0.5112714207845338,0.9959349580091678,0.9331938317245301,1.0509948324986012,0.8257833425210953,0.5715742548059355,1.1877670305658345,0.5063684895885233,1.1339862469782152,1.2307804627341663,0.31416527263449845,0.7573180253083116,0.4507503398627662,0.7419301281253043,1.2734637504523392,1.2006032175454644,1.0368876411733394,0.6071846437162576,0.7407272053738002,0.760872017702254,0.3342893405534059,0.464955021386617,0.8871489040353101,0.7036152355115669,1.109977568698892,1.1006464142692616,0.8601197156386925,0.5829825816058946,0.9100547054999282,0.812868734911584,1.2759966753476275,0.9227623239071531,0.3832988537181673,0.6768648520651024,0.057907317880995214,0.33544649510795815,0.6262012848695291,0.3552640268539539,0.373007894661758,0.5314157376650559,0.8526210777839761,0.12399694598461494,0.6233230187674694,1.0067327389959153,1.1187892957172882,0.583877730839817,0.8874972810735583,0.5298090720147551,0.7330634972821268,0.653751810535224,1.0060981830152165,0.8467790595073097,0.8797870109767697,0.5989883619813987,0.8497248750450194,0.6598247096105571,1.2916522230417535,0.6384469015260931,0.5027365551450982,1.0289824952628692,1.2845309949567718,1.0701553241403339,1.2752889212213756,1.0065618221082389,0.40363280887781033,0.5325783384140292,0.8517164550949379,0.552294141343868,1.1494023614915225,0.6805394375926566,0.22794474914476656,0.9478986803699722,0.6218647351395509,0.3017036552184297,1.1299026016995395,0.7973695805741039,0.9161442227352156,0.5292043972255058,0.2840544328641341,0.3798097856816019,0.25645623621231095,0.3156759808595901,0.8963717119955837,1.090456072084537,0.5741351332128241,0.42509508636389803,1.041400369734734,1.0068674181943356,0.832848990728609,0.8890185242716377,0.39088420447854155,0.8236307684925137,0.20438773247555003,0.5395706289547412,0.9198225465558674,0.3958492920707843,0.9006488405760106,0.8108493050834927,1.2184466485485157,0.10399197872936691,0.5795017787191508,1.070682826828902,0.5851508059986323,0.07252296692265096,1.070177963372792,1.0047387569890704,1.3407527124317946,0.7750700011419754,0.5545908777147587,0.38051734302665324,0.0,0.9994804477507199,0.8189564906620223,0.8551881757045608,0.9336434496536187,0.7678670902679537,0.8938240408237123,0.9639140248017721,0.5980171091712372,0.8737055485491649,0.333932316363097,1.3303696605323154,0.6393949657285984,0.9741233827365023,0.9855458933107412,0.6360364033749638,1.146653328101373,1.3191470579578526,0.8042601314000173,0.6310845784350311,0.540853798622663,0.6052757207987052,0.8075934632005415,0.6475800783653387,0.8251873370079371,0.5602182762147244,0.9428854463921741,0.11025697723394116,0.9517731919395601,0.8773994032938676,0.5811369850760223,0.5181534962347372,0.4384940121537021,0.21170586599814095,0.8467177667277579,0.45529576961742674,0.7134710942776695,0.8568250896690078,0.4690749460135482,1.1059152553593075,0.9032267198295736,1.0891768941351108,1.039441786208194,0.8794089556110682,0.9826901819969623,0.3003318536340384,0.8309685974146385,0.22238400134056763,1.4942334320486153,0.6310615121610306,0.9484810288860933,1.1591256685080595,1.2068722102919807,0.6479738302016101,0.8463754100303649,0.8938787605292858,0.9033077797892293,0.644248737620954,0.6900164741002859,0.6032397668890891,1.0939018955759416,1.1162678244830222,0.4066900997997843,0.5597314866289773,0.3037648872015163,1.349009618581372,0.48849542305684485,1.023301742937831,1.0495398851222717,0.620999131323023,1.4659357401608766,0.7287907969035852,0.790532032811217,0.4508280248644042,0.13367072585499518,1.1322407021357956,1.221913691030126,0.363157707081028,0.8530347138103002,0.6123295811041624,0.2612255006835109,0.8279969863307628
1.2612597148123774,0.7767250634028646,1.2322967377672471,0.513319838888367,0.7466402405202073,1.1693395326613332,1.2454620081547634,0.2612857899311445,1.0273330702624472,1.2799856967764636,1.5482086703228892,0.517105233333301,1.0278533693856557,0.3848485601014177,0.4319730550732365,0.5421777552858278,1.3901820714112731,1.045924353841984,0.4980218420800508,1.0010836212124399,0.2738052373870832,0.7394877846323408,0.2575782488580105,0.5487989394902644,0.20216958208051755,1.2184923719531071,0.3929438668168812,0.8348650706201202,0.6402822614697535,0.9246292340202575,1.3861479345723007,0.5450217943345003,0.8987908201502033,0.7891266747165987,1.5186478806478834,0.8633898158595632,0.8777782220479639,0.4582047198352048,0.7928608048760087,0.4185128333592913,0.7114368165914469,1.2901660330770732,1.0892204747192256,1.033487005297746,0.8963604128913023,0.9633115666157214,0.949591507227021,0.8226145672705383,0.48230759569118353,0.9776808053898902,0.8802114193451407,1.0967394508355572,1.432765840790118,0.14265787841284586,0.9681482015751043,0.11712871243753468,0.4783707704331834,0.5500543888460707,1.3556355678078091,0.9848410403576887,0.3499257159074064,0.5462942178490816,1.2725288990282198,1.4074732791677975,1.2404284091022701,0.8220832328924614,1.2139127983476423,1.2330297072698275,1.0191660201439425,0.905774432643916,0.09250172848370018,0.5897525085150581,0.20288159206498488,0.6317777760774821,1.1076194202773626,1.1231640630483264,0.4965279646830195,0.5115427285510724,0.31955007605075925,1.224959237519489,1.2672429706375559,1.2821787872996946,1.189514452789172,1.1601563848526129,1.10710711169019,0.940593580402807,1.0846388988175766,1.0859253658869483,0.8282863833045947,1.2524044302156239,0.6854474328969102,0.10345972626634686,0.7832086380347855,0.900508293105326,1.0894197601956657,0.40738296747156316,1.6605494467830666,1.209814156476436,1.3006645609049428,0.7580194980851216,0.1923622537949966,1.2035206046967357,0.7496009322943704,0.4116394515116081,0.9047387813288306,0.1196827980226498,0.6420780546640013,0.5848291063677606,1.0385179931027075,1.016015673770623,0.5000751521018303,1.2978675786242413,0.9809285858494076,0.6760297113344855,0.7426889727526576,0.6989007820783885,0.45605034513276443,0.49373982074177436,1.3606710266636561,0.9994804477507199,0.0,1.1061085170312734,1.1785091434307005,1.4157206987666278,0.48456296887173844,0.7682796689323852,0.6011369410567842,1.1890551140851708,1.1283318332979095,1.261267202607824,0.6943058780706586,1.1944089363924684,0.9243612410300801,0.15991566472114196,0.9928963605896232,0.6939495419306493,0.5479478739663427,1.1213352596951063,0.8747252835222427,0.6861453529503674,0.5789952376663565,1.1972310875402914,1.2120168306224517,0.5174607226581341,1.3434989173940797,1.2582922610498677,1.0401824235515849,0.6873221175798117,1.5369749689941212,1.4842951481029238,0.6672527861244139,0.5651139479064783,1.1854049695180173,1.2260395216101432,1.041233646705659,0.3028558501310625,1.1791993764206252,1.1632522770531366,0.7240630531439094,1.4856709735817235,0.7278672708642832,1.5660756858822635,0.23344635296170693,1.4682236345672321,1.2960378514888198,0.2345072287427152,1.2171535968485105,0.9999193377060253,0.8663402280710304,0.9744134876103586,0.5171081020366818,0.46659672425226156,1.1917226551741908,1.1772949235756613,0.5863325773185503,1.6257616936467456,1.1904586530236607,1.202270869925805,0.43291576127841963,0.6492329827850936,0.49508405692545643,1.3532490269243074,1.3197537264208723,0.9330066594212163,0.8176709332827471,0.5883419210557124,0.5405271003659357,1.2383333481429286,0.3830681006914832,0.9640781703531222,1.0453238291864062,1.473286173282568,0.9554600839495875,0.8670536517167386,0.3113176165641415,0.912433103667403,1.1789933266744614,0.8136538000263979,0.39417016447848807,0.7755887555819873,0.60034031303106
0.3690166129499545,1.1729483574166066,1.662994820981743,1.4504578645768744,0.5427511166415141,1.5192363961052846,0.7643764596000141,1.0782808570627853,1.3602631325414174,0.5176139116160903,0.46558287638788726,1.391613564276737,0.3248734888906344,1.2220364126201562,0.8201178528212509,1.5679078507968023,0.69661386790126,0.4124427536883264,1.5605837237318154,1.1123857464791111,1.041441671309589,0.48988101477741214,0.9406383893561192,0.9734201702205324,1.241284724996739,0.21822526642459195,0.8922616419457771,1.4088522780484045,0.4697858164994267,0.48849680440156845,0.7538468327783866,1.37281621611729,1.4072766181297551,1.6579004106247572,0.41311464906222706,1.51493677132161,1.2983453881703604,0.6935276520524254,1.4461121227208198,1.0942298516879656,0.47564752781677827,0.6991549528941804,1.4537846709750342,0.87396922495249,1.088109901587934,1.3697457516037643,1.1306759694953576,0.4949984259247524,0.923121541941892,1.557037086132393,0.7631638385053027,0.21571416605577137,0.32712876708547,1.137541247604368,0.24089489224433122,1.0057038856083713,0.7827665343411241,0.5561041671299876,0.46052586995601,0.30647889377183657,0.7628172329399739,1.3678488867527612,0.40834448761820974,0.3570363559516397,0.30462177791678474,1.7860093422123302,1.448451951619791,0.4690413449544421,0.3055225305657725,1.8257915254253554,1.1984448076974346,1.6405232334303792,1.2500866298690252,0.9331181214175388,0.322074591486162,0.0327651027477192,0.6996153700544553,0.8528779387466656,0.9250702015767074,0.8744844797128615,0.16757285968969268,0.3955763048014154,0.6585965525851665,0.34200758718623636,1.5587252761267147,0.2538932848577372,0.31271902242200345,0.5769848102888762,0.4847471208376997,0.9611342094522014,0.8196907483649218,1.0424727017066915,1.6420821032100827,0.27785499628201143,1.234051255096251,0.829533629594029,0.613716675575585,0.11479047360981762,0.20088526698986603,1.0534809701441379,1.046033852491445,0.9078111110429065,1.1943493582931823,0.7387225395938523,1.1473810942374794,0.9899019252996493,1.3672262780981588,1.6098777701185203,0.9227768029947968,1.3492637508311904,1.4757063583491636,0.4562134148485948,0.8808846982518813,1.5735309228251357,1.5635719968668795,1.7397617063008612,1.2236801479909352,0.7015497744637428,0.8681368500786971,0.8189564906620223,1.1061085170312734,0.0,0.07243301697169972,0.3235111844297372,1.2362390628933142,0.4022405719676294,0.6047286573738848,0.31585774622856405,0.05515093138709941,1.1202249026861175,1.7320767645075403,1.44611095048094,1.6265515567138558,1.2067297871191298,0.18775703970060406,1.6315954417159357,1.0371787862753543,0.02986253668267276,0.2590708684491309,1.1553324305600279,0.5537510514635514,1.5922661109309533,0.28569286521825094,0.6034650198828688,0.5490324706567459,0.1591358819760566,0.7308502461112997,0.5191550535883486,0.5214716599165534,0.7693395663934237,0.5088868260436723,0.8598413763857549,0.9847829230038496,1.632140892262023,0.37376599115718084,0.9979140437553069,0.07309426604110139,0.43482214561247007,1.621987932142381,0.42985678635151436,0.6103019861499316,0.4722770633649343,1.1639046418256624,0.371141590949777,0.8986723103264136,1.1088701093991384,0.8588877774631835,1.9924748380086723,0.26576419647363003,1.6285923003037572,1.5373620004089845,0.9575529817755539,0.2640469946375669,1.619199104612114,1.4012562689555002,0.6376765385051764,0.2668007161588203,1.4924295823672231,0.7482926080458175,1.5744590589289382,0.8306149354432489,0.7864678649106412,0.5151621375265968,1.0768585848636407,1.814745915227126,0.6293106573547586,1.4683210402183944,0.23059380844578498,0.8405515879942723,1.957943016550253,0.09288958503341305,0.4988274935661776,0.3694186325680545,0.809981904992289,1.390354518888532,1.790559799985224,1.1811169650756217,1.4868521065857232,0.9299242996046597,0.906209155693885,0.5269565644369941
0.3531420146327727,1.228147717908374,1.7108445740944902,1.5191062795988732,0.6010346850672411,1.5651781668809555,0.7764877030118597,1.1492558363815364,1.408247417411167,0.5111322382436995,0.39827526328112806,1.459123064163881,0.36051612023973817,1.2903678174816573,0.8879763184619255,1.6382382351644813,0.6875923929972175,0.4435189866088154,1.6318218855553062,1.1550412042414417,1.1112453410418681,0.5514136668621729,1.0113793307181786,1.0379497799038586,1.3133925560423774,0.1994024811036214,0.9602893073640878,1.4665456821719678,0.5420746356617006,0.5308576168913824,0.7494567072403298,1.4392846911402284,1.462356956799069,1.7233944929917568,0.3410587330349575,1.5741609384370414,1.3516863884640917,0.7646885864511783,1.5062497115064866,1.1624965269226653,0.5423914368098787,0.7028982099818641,1.5015541068544571,0.9087330259671238,1.1360408867062084,1.4210293532131149,1.1766588644788345,0.5482402495410701,0.9880552508091384,1.6129063045959646,0.8077462639748473,0.23499103945219263,0.25473829875777515,1.2096782960861336,0.29151896822994644,1.077875031092173,0.8496323089802787,0.6285224955710211,0.43487257141457775,0.35085206769629723,0.8351891700742322,1.434199897645445,0.39399197820820264,0.3008672666586155,0.2867034831809715,1.8539462895927121,1.4896039953984657,0.46703571093176116,0.3435688818574411,1.8921501088988768,1.270854618577716,1.7113391668580704,1.321724797828307,0.9922302637784572,0.33782172585765546,0.06346472988371397,0.7679116347478304,0.9191898587147915,0.9946571617129731,0.8933676022015704,0.10175496449458052,0.37783519796698345,0.6722724302526616,0.35126028977512247,1.608975850770328,0.3112729415461159,0.3333944898211384,0.6003159650226206,0.5378464012534718,0.981208706668757,0.8764587725483386,1.1145193617670697,1.7073548461383579,0.3372772133114202,1.275020041700148,0.8993190000627315,0.552006059676135,0.05775439132799886,0.1317254646298782,1.1077414137507697,1.1171026981200858,0.929897113029476,1.2510452251805868,0.8101486020438687,1.1960900933616365,1.0622205117018602,1.4307939476236728,1.6800863953843779,0.9583240486553686,1.3974887372062623,1.5451478688980693,0.44142073839042795,0.9196515441257052,1.640401251466037,1.6281788687412035,1.8101366149308236,1.2903804537040757,0.7699107606842858,0.8736492199991919,0.8551881757045608,1.1785091434307005,0.07243301697169972,0.0,0.2552976389002409,1.3023498380173713,0.46892283611166735,0.6725927860163333,0.31254046437741084,0.0739252854486303,1.1461104317234547,1.8023761374206595,1.4882358913034133,1.6864958339896043,1.2785082705349133,0.24026567966001386,1.6993316956007263,1.101863066144516,0.062137550507767064,0.3260278112782246,1.2139567404881269,0.6241393144639152,1.6393343573160954,0.27368991641417806,0.675434721500806,0.5347545897289924,0.09433190379357334,0.7619990447201425,0.5853493750917388,0.4678679278199604,0.7539226484306427,0.5755145419454503,0.9220668067573528,1.0111982269708555,1.6791970813783632,0.4020403462563375,1.0673079349996983,0.0016583888986601246,0.4430164797997161,1.688595120801591,0.3697108632011446,0.6702034338814825,0.4023331244919728,1.2345322338254638,0.3009547455701909,0.9120866261630342,1.1793038685231616,0.8778478311526449,2.060811435568469,0.33316991268334567,1.6866677661161906,1.6076409564827818,1.0245958721417028,0.25593354502813115,1.668159137610038,1.4670947006902775,0.5861652691591965,0.25931059551812924,1.5357569398067785,0.8177798545163695,1.6421174995407257,0.8977302340549635,0.7880124941634398,0.5018371719588453,1.1225665840587238,1.883643892161148,0.6953321396930335,1.5366341184133476,0.20615818216131587,0.909631208966008,2.026399932677508,0.15064603773111443,0.4545815135151144,0.4118183003501517,0.8557562572982738,1.462176599209648,1.8556499818819145,1.2149203230469563,1.5472056870544206,0.9975443010981482,0.9581796621788935,0.5983986911430655
0.31921982343936856,1.3685814642160194,1.814241843743072,1.7215254537844897,0.7717476141778524,1.662589298618439,0.7743220721103982,1.4006567407093589,1.5161433557166575,0.47232940774987786,0.14316276469232725,1.6551502034897532,0.5909895759966367,1.4923221150772141,1.091483871940183,1.8514294136249074,0.6179698493323615,0.6634678875098642,1.8524038839579358,1.2470378488125418,1.323618363558926,0.7365356070452703,1.2309534902455752,1.2927809274471196,1.5593813147220283,0.3670995949267772,1.1637197945839355,1.6144578454653546,0.7879991415051311,0.6521848641119479,0.691166397707994,1.629667071304048,1.5989321164209243,1.9066989931609937,0.16940592083866182,1.727857899398714,1.4823934052742718,1.0158016384268145,1.664784328502224,1.4174462180003897,0.7976676114582495,0.6770908131495917,1.6072050358102599,0.9794838751327261,1.2489046257906538,1.542182658180504,1.2809825238827737,0.7042343828528902,1.1754700811291048,1.7512346602735238,0.9185969997099765,0.35278040673431704,0.0885690037813809,1.455515790891723,0.46774798321945,1.310593748709269,1.0486921169787897,0.8688734177833028,0.34039236895535446,0.5919669519678601,1.0786576577910871,1.6239853127900306,0.3525884906830761,0.11124519651989083,0.2738825371585711,2.050452355276111,1.569167764200304,0.451887089589201,0.577853395701049,2.079327000348085,1.5082154090027802,1.9280655454498647,1.5471581728295072,1.1535928036255074,0.41048497796483857,0.31859494556993195,0.975625827104901,1.1744775040602056,1.2066812722048577,0.908098032483068,0.21276915439466193,0.3289256222460904,0.6838188296029977,0.5409654566026766,1.7234267108747088,0.563938154255874,0.42143954841114667,0.651818440374599,0.6940756773681309,0.996086471664011,1.03101569767122,1.3453683302654327,1.8895734611509094,0.5306413347037597,1.3578018996727914,1.1529961511979738,0.30572094962218377,0.21023599043587488,0.12359501206597837,1.2465248726019402,1.3384580697699067,0.9542262970595775,1.3974485879059744,1.0603851120955834,1.3107046152871906,1.2975706195675634,1.6063314912749789,1.8922238805072173,1.0299001434445583,1.5065233479140157,1.7525012933504232,0.38632111979188644,1.004509500118939,1.831714634622573,1.8074139677560235,2.023085501764584,1.483198340923439,0.9779269470915051,0.8422090261633618,0.9336434496536187,1.4157206987666278,0.3235111844297372,0.2552976389002409,0.0,1.4919323243574645,0.7241934967403663,0.9276576474349122,0.3360943810079977,0.32500918937185674,1.1759990866227343,2.014777560272864,1.5716227364317754,1.842548159595299,1.505565632239909,0.4304544504551376,1.8953252473275615,1.3567382633963474,0.3015629759543599,0.5431622730904591,1.3692546012028366,0.8459142785747505,1.7403590458327873,0.2871777011128844,0.9234386266399213,0.4641042341563626,0.21926953135109667,0.8274405910692375,0.8406453770960667,0.253145406432089,0.6561300911117912,0.7799115975626338,1.0983028561563366,1.0476098395974134,1.779705226491956,0.4968170663522537,1.2774609656371447,0.25528355058235264,0.46699928221403014,1.8781692785482746,0.13866005464922898,0.922573707593727,0.15065995078880615,1.4517887849518953,0.054900351847392476,0.906503881130401,1.3954775899479253,0.8936574360882256,2.2590326291261777,0.5513638529316465,1.8341352402207298,1.8205660557197056,1.2798754312652063,0.2908966135873334,1.7765944994464606,1.6538988501912155,0.37047966023595574,0.2943256324240667,1.6231605788627925,1.0312470888121237,1.8379408904489478,1.1529963438935404,0.7478931246389828,0.44003642862385045,1.2271025168668948,2.086048741305021,0.8936353365296142,1.7369112770527602,0.3593457727026553,1.1195567188341224,2.2254919589228965,0.37058272977292606,0.2803895659304694,0.5468647807624079,0.9689389746129528,1.6890870278898642,2.0360838874769978,1.2720229132181202,1.706353414639877,1.1983187910815623,1.0914323030120205,0.8488631913639267
1.2489760889423511,0.3552462521430697,0.7490172933160398,0.2527164546249368,0.7210395180628599,0.6972830569979799,1.0573593618872854,0.7436824227806601,0.5716742916808288,1.2045566822340423,1.600736636239906,0.1699881100204518,1.282264247461565,0.10527282982379758,0.42052456088902085,0.42032432804750336,1.2559069569112675,1.3292599589330167,0.4711808043717122,0.6315638164725901,0.261063277540558,0.7567621493303678,0.37084110040076623,1.009662124006577,0.6491957389966977,1.408863585612816,0.3514139321433249,0.350838314754604,0.8543628605196077,0.8669407908981763,1.2260178678317761,0.13773986164233482,0.4185504326298497,0.42243068190828603,1.6315314262178182,0.38500136682421754,0.4195463450934169,0.7897093404594391,0.31145749949781654,0.9004209602312478,0.9937455644827292,1.1367377180522058,0.6199540780214032,0.7765688769587232,0.5270415076402126,0.4968612747093906,0.5659966947635178,0.7925834185615976,0.3165355825196569,0.49423130310378033,0.6824214450103497,1.1398226265481857,1.5358948459586304,0.6244363321758312,1.0268512680471487,0.44652360932321544,0.453928365058939,0.7597774662248411,1.320940289719877,1.2325889360030227,0.6584335233062273,0.13218983142577262,1.2444738129022959,1.4476128374484991,1.2536960015667453,0.5599576060872301,0.7623534746432553,1.1726168706002869,1.2668216087070343,0.5898460948464037,0.4930322547387623,0.5080161510814258,0.34749847233419723,0.3747576762534779,1.1047181124529342,1.262784891514432,0.541290987450897,0.9410493858158527,0.3456315689119156,0.9864169662801334,1.403019461407035,1.2615978878754965,1.0415331271686377,1.407715761073928,0.6248559423182629,1.1614278252901902,1.086919035876935,0.9696344982860083,0.8022368025731778,0.981015484687309,0.4939049056306905,0.41616614853089695,0.4074193152913385,0.9691992156829364,0.6837540775963703,0.8174669044822644,1.6688395098745064,1.313466236782476,1.3986888052408248,0.40078024381057703,0.32454352610651116,0.9477363689586323,0.31503487768120914,0.7579249260623839,0.5086152331576027,0.47990522126522506,0.16706017246498656,0.4506137292257858,0.7589351139384632,0.5617789308512252,0.3028937321978494,1.2527537894923104,0.7184575432005988,0.3397935253680231,0.33373262623977706,0.5744994976968952,0.028512631462369598,0.5397439590557147,1.1466920589485843,0.7678670902679537,0.48456296887173844,1.2362390628933142,1.3023498380173713,1.4919323243574645,0.0,1.0232532578118603,0.9291173129594893,1.190958496004092,1.2761524819713161,0.9266915901541651,0.5643353209006258,0.7405892164303167,0.46285640818658774,0.3592830231954053,1.0704948914962547,0.4053046992489609,1.0199251682409625,1.2402166259575933,0.9771811563936171,0.2668642272094971,0.698432843627163,0.7176833911819643,1.2294934050489583,0.7889124445957817,1.265376274146875,1.3948679138644737,0.8516785458571579,0.9890745826651847,1.5359622927770809,1.3396308250977635,0.7273551054782712,0.3980866450336305,0.8942054850507483,0.7446056105221286,1.0201679041905043,0.2796368502648141,1.3035504144964545,1.1120126355023268,0.3868110121754104,1.5196902246286097,1.0799074708998135,1.6318769845779124,0.2526892428578307,1.546811108468772,1.0578687401395632,0.2557738140096257,0.9843082441250451,0.7689708597314587,0.9704949038581347,0.5018458629185327,0.3922619873850327,0.9253117391770613,1.2163091800408758,0.6942435280083905,0.16534831906074504,1.5961588819184385,1.2137209270213587,0.7391638550668752,0.5044592721339428,0.34825050153863507,0.9159035480133801,1.1727072712311002,1.252207852911704,0.5722836908342164,0.6026983045381981,0.6070590189411086,0.25921412030380947,1.427691807206529,0.41253878171036623,0.736318293191425,1.1521831835336405,1.4566477197205774,0.9517690356494631,0.6446932241883988,0.4203587473760869,0.5561429144757203,0.8072176675366571,0.3370896851612479,0.3114263296553946,0.5067304705505111,0.8587985100301996
0.7077830080685932,1.0770080463843192,1.6031146041688304,1.1941226219326162,0.511811141447499,1.4787652938834737,0.9673297390889838,0.692360246246063,1.3118371193037797,0.8142293741963458,0.8670180368568977,1.1535368931177474,0.2648849930155777,0.9788874804714607,0.6150211526172222,1.2809827192530934,0.984307143860164,0.30623720653726366,1.2554575938566201,1.1175869344544977,0.7832167819159449,0.4454340456594496,0.6698080482318108,0.5721467259627077,0.8719632104972491,0.45619034937396336,0.6763356415612822,1.277586597554786,0.17249633039354761,0.5909190184088,1.0216613000435397,1.1492870620178441,1.2993908980961375,1.4374668398890584,0.787142538954426,1.365016686766817,1.2107061012624019,0.31709226446804956,1.2900219656216505,0.6941894513161048,0.07347808785824501,0.9421378647311581,1.4025614364475947,0.9512159911397895,1.0572723538506026,1.295220589484689,1.111016565405954,0.5226101863943585,0.7475512029995671,1.4361595026017502,0.7921931753678759,0.513498650724939,0.7146447247093871,0.7704420336012507,0.41767908642137325,0.6872705933826497,0.5979263877404759,0.26356051783027806,0.8108349236434753,0.21846697326775633,0.4201982883573486,1.1460193547530366,0.7387259941278256,0.7561627322322275,0.6563226203857883,1.53186856076346,1.4446560606211027,0.7588186142928677,0.2532895313991964,1.5911661077849808,0.8570941659277055,1.3429393850608526,0.9420494840290359,0.821115387179426,0.5900322584344097,0.40581910827841555,0.5056541273699114,0.4506439345885157,0.6793094104122102,1.0362791209235473,0.5359255184344643,0.735082076995223,0.8668953688325282,0.3961994602734771,1.4841845865553633,0.1771503340957663,0.5683631064759199,0.7558847589489859,0.5170461965735884,1.1098411676237647,0.7440446109413358,0.7280276312026501,1.424669744399535,0.37489630507697325,1.242578857703905,0.43623992095273106,1.0150928356280933,0.5170309989248564,0.6006469575280932,0.9746785258404227,0.7609063622949125,1.050889188708187,1.0836579944894726,0.3649760648585827,1.1062064798781137,0.6635224680362821,1.1785852338614904,1.324298031649159,0.9902465632528761,1.2995784992290178,1.2062663856517235,0.7821005274718081,0.9328695682106138,1.3383494108279816,1.3561057402499255,1.448872877075126,1.00359119134993,0.5061161487231186,1.0897954080148975,0.8938240408237123,0.7682796689323852,0.4022405719676294,0.46892283611166735,0.7241934967403663,1.0232532578118603,0.0,0.20446577548213765,0.6357501614589296,0.401953936969663,1.2273040672407813,1.4426678632569876,1.4357704074811297,1.4659061717764448,0.8958328113281039,0.3994246667142966,1.3834740770280223,0.6356718115377648,0.4275104202628519,0.3091556616356822,1.0292032731818586,0.35260588488339306,1.5406984596536102,0.6295814244102012,0.2537978308700847,0.8644560572896919,0.5271375253092377,0.8463801169334793,0.11701430259707965,0.9163582997595304,1.0725516968044149,0.3940294897362887,0.7236091498382116,1.0987747825267113,1.5792339009587666,0.5813697965998718,0.7500529547586177,0.46897519518970415,0.6988563534529318,1.3888817436281775,0.8309011773138512,0.22926601649919723,0.8704835387981872,0.8831503147825637,0.7691023743988938,1.0839193194856387,0.8346351273009197,1.021736232064336,1.729440597669641,0.30401134864982726,1.4854785799880836,1.2520308910368412,0.5556828537786531,0.6049104997392616,1.5524207351029287,1.1846101418153026,1.028553399235736,0.6058898528717023,1.4717408143271478,0.5243774015591168,1.3288183245563963,0.42880743001535276,1.0300674910796366,0.831186285237704,1.0632989022165251,1.5465022820829952,0.4858358484853163,1.216414161176028,0.4758306625130989,0.61238198803348,1.6937442643546339,0.38703422543189336,0.8815190433251472,0.5145611404420934,0.8239588780140567,1.0733938799964904,1.5716796117053484,1.2387052420573799,1.3270367695646657,0.716670068042298,0.8610618243311566,0.17213426198508422
0.8875860420233597,1.0487712777607268,1.5758868493035771,1.0673211758057162,0.5785020068589253,1.4649394491913912,1.0881472144867324,0.4929735681498988,1.2991414443431395,0.9766715240338832,1.0702018760949001,1.0390103489386329,0.43603189858098823,0.8677976515590631,0.558979445747862,1.1338368600760926,1.1376682103677793,0.4453916201248853,1.0979395318404783,1.140791122420612,0.6729167264771775,0.520826172875483,0.5594007419329575,0.3783341659392231,0.6809150767927655,0.6530909430974099,0.6050994245164435,1.22112252991437,0.21268177295961183,0.7026639862606647,1.166176584192684,1.043715922839415,1.2551257161094986,1.3259395687321727,0.9908517755381442,1.295313276160593,1.1808776166085204,0.1465465889745196,1.219159118146453,0.48994866204758797,0.1318517887798613,1.079884871380189,1.3853577487361064,1.018596272796767,1.0651200735915218,1.2692319872866942,1.1218499771326964,0.6145115040559161,0.6957230376403007,1.380509898320019,0.8490790307551522,0.6936055477637637,0.9191019731046736,0.5823017751556835,0.5825300229797915,0.5387170841097173,0.5583396747816883,0.23486332188025855,0.9913564705427095,0.3985993846000417,0.275900490411354,1.0415870656238502,0.9149286305044804,0.9553595440612306,0.8415328585223196,1.3994064962375095,1.4507825155537635,0.9213633507487977,0.4310000208801981,1.4687562535081802,0.6847737373900569,1.1884677289770496,0.7898606043624431,0.801025653711658,0.7564314811998026,0.6097312711393533,0.47626551077215656,0.25109177173539204,0.5865626238514141,1.1367153634868996,0.7402266874439131,0.9142087385597194,0.9948665751346903,0.5667381353144038,1.4522331249325944,0.378090984967306,0.7332619066977335,0.8798206567447373,0.612044966591694,1.2013462672125848,0.7520620191657075,0.5801893727640505,1.315147826216288,0.527050961296918,1.2619363016704812,0.2346072735585156,1.2153806022851645,0.7193651275809023,0.8042420246526679,0.9617761707489868,0.6328918744378638,1.1425000370504546,1.046855641939263,0.19031791453662356,1.1060608890671988,0.5101052729583552,1.0927745731596408,1.177163250432655,1.0507075287676604,1.2866610539429313,1.071213734058953,0.9554095821191797,0.9896209456297724,1.220510316433196,1.2539183750441034,1.2967291281951383,0.905949869116926,0.47557912884290665,1.2133846675523134,0.9639140248017721,0.6011369410567842,0.6047286573738848,0.6725927860163333,0.9276576474349122,0.9291173129594893,0.20446577548213765,0.0,0.8132256130331108,0.6063431166891835,1.2951941220452075,1.2914559430592076,1.4388091108212326,1.3874957710635405,0.7432372379230571,0.5761963760003419,1.2571166308103594,0.4403358779720482,0.6289516189401192,0.4678024734907639,0.9865092934683752,0.3624999637658772,1.5193866592740968,0.8136708603131024,0.15525194100911485,1.0316154820877241,0.7314627250116648,0.9379199768759517,0.09369316470076594,1.1125815604315048,1.2295955122612423,0.44634845419099606,0.6987871312734394,1.1751429312968498,1.5562475198561538,0.7310060020562171,0.6494821014643224,0.6726974154337644,0.8563811001393011,1.2711119676322216,1.0311738907259644,0.15290645654440757,1.0745806108299207,0.751628264106464,0.9731747600788845,1.1923869361595916,0.7100189448571286,1.1232978253292105,1.5893687024668692,0.4606777138008322,1.4163031512861166,1.1063946409078336,0.353330246232218,0.7892518142956739,1.5227940488165288,1.0819886184317302,1.2221889076192187,0.7897470523491317,1.468393160448078,0.46925739002571865,1.2050769779079087,0.2265361735823834,1.1647040761808494,0.9996062922933125,1.0797566856727727,1.4058514306651981,0.49493470822681385,1.091692206446414,0.6723478155676005,0.5402086305963744,1.5534465625083285,0.5806480207505236,1.072564897013471,0.6529691111749814,0.8707293393754877,0.9120430839791904,1.4584290403619224,1.282550025147228,1.2528979714860489,0.6430419583898446,0.874560352886654,0.13735098654699726
0.07545386848856636,1.0392370462519336,1.4781540606632668,1.4307643981795741,0.47533903891721796,1.3266200755590358,0.46935105137104166,1.2279331151135782,1.1801968559639548,0.20175689559699364,0.4160326491712341,1.3583671211280033,0.6353711836188061,1.2040248962423645,0.8146082233051527,1.5725572928323879,0.3808276758477222,0.7245615801994763,1.5844302047824674,0.9110532618939053,1.0519484131563575,0.45824411824960337,0.9729799622312582,1.19121312202191,1.3568156015659356,0.5119167766080822,0.8843503152542896,1.2864675714821665,0.622695028451743,0.32826002675153415,0.4387296009810653,1.3277911650640772,1.2673270723163703,1.5966529934106466,0.5026415143410127,1.401647290134502,1.1496999785508286,0.8569168016935075,1.341072486503732,1.2791166239278338,0.7020010703980426,0.39067065917555177,1.2711427903219576,0.6449927589155152,0.913749797924171,1.2074935511543763,0.9450422937757064,0.39991626764982,0.8781304959122888,1.4196320674715404,0.584680488280853,0.12252315820933585,0.40928741465941426,1.2547731960259667,0.23525433413435573,1.075846632351756,0.7678574555177319,0.6766578632982126,0.17866675246527614,0.6094294399860973,0.8827382208885318,1.3216324149983898,0.10301040786706193,0.26274221925711094,0.06485187904953163,1.7507643395555836,1.2349063979727448,0.154685534037785,0.6146782346537292,1.7712721227871506,1.2797711823107358,1.6533963747795934,1.2919457219695285,0.8364555122240347,0.08652350846484758,0.3422402479513249,0.7094797738211742,1.0619324239431838,0.9376449586212116,0.5936975207936767,0.38152729691714937,0.10116728335130916,0.3683724054925985,0.6563174266553992,1.387741879968326,0.5383956180992111,0.1066831309091486,0.3183835787756975,0.39079146588427505,0.682399708310871,0.712119678926983,1.1054848115895035,1.578820980473729,0.2998957283853487,1.0227176020318227,1.0063769670878908,0.4822431134738194,0.2688964371124127,0.30050334846398485,0.9174622718401589,1.080506175946007,0.6350837744481378,1.0701164233459883,0.894012102661701,0.9756164746860679,1.0694695827725942,1.292911978766985,1.6115208854230891,0.6954952641972874,1.1706427561398567,1.467164015343835,0.14793212991161964,0.6685899736120011,1.5288090189181351,1.4950334627548332,1.7422711205233867,1.1853943774556974,0.7120962642311761,0.5616618535798095,0.5980171091712372,1.1890551140851708,0.31585774622856405,0.31254046437741084,0.3360943810079977,1.190958496004092,0.6357501614589296,0.8132256130331108,0.0,0.36470021230807237,0.8558028186081567,1.7333060748841664,1.2368056343391771,1.5168489387536048,1.2542101693433978,0.23761124410836643,1.5962620784608388,1.2523787740491732,0.2885041696873766,0.34863171617578864,1.0460857465131095,0.6117093095527321,1.4042982469474639,0.04986291713540324,0.7546729763674818,0.23705713794311975,0.3791817290872475,0.4929746099612711,0.7457981095702463,0.35225806266302045,0.45614136718800585,0.5227050366314537,0.7929491247455536,0.7236518396611114,1.443666425907935,0.17149383331166065,1.0038019209800715,0.314109956916083,0.13853030681703477,1.5733840660591514,0.3300637883911391,0.8638602899492445,0.4536298665042937,1.1846035051282526,0.3865385294669972,0.6052596964972146,1.1277949299773031,0.5784929924500197,1.959766510261545,0.35648881302381036,1.505113660799519,1.5416612561825982,1.1574240719325304,0.05784961127199617,1.4405588380779788,1.348650549693817,0.43692538623469374,0.05416076707619916,1.2879215955169547,0.7709671846227235,1.5391833759645706,1.0341881785669262,0.4754737531650526,0.2028553138291322,0.8912316545071519,1.792114263484599,0.6193612509794462,1.4436454531245173,0.5179086706615625,0.8503699536825324,1.9272672692933848,0.26609812367200647,0.28423595875682023,0.24306966449015874,0.6350846552749557,1.4342577536013197,1.7231900133197655,0.9419850798586699,1.382706848113433,0.9146967000390509,0.7618555183765306,0.6983347142670033
0.4133859475380132,1.2219952008282922,1.715011428464745,1.4863268294892826,0.5908571950231198,1.5718874450434503,0.8180551480998404,1.0880837666299126,1.4123203957335233,0.5661200902738612,0.46814813432948665,1.429433714712748,0.2883300160931903,1.2586402538429327,0.8580227207795942,1.60005952347628,0.7445153191116713,0.3730260354721525,1.5899766372882655,1.1659987749218448,1.0753122142928273,0.5358423267620884,0.9722190850728757,0.9679838958408318,1.2567858962932867,0.16323666832084266,0.929767349323964,1.45629566092112,0.48859501354745216,0.542613339223104,0.8034093724232494,1.412154220720474,1.4562630009504494,1.6983341935977612,0.39207860731229743,1.561287524308071,1.3482674657199991,0.7046342502951,1.4918166697620756,1.0961391242792176,0.47518382329982045,0.7510010338756293,1.5058835479592763,0.9288429508869467,1.1402998272463378,1.4205590301270852,1.1834427534949081,0.5458964893170232,0.9647974153873241,1.6055235495459628,0.816517737481324,0.26948736661112566,0.31357776903574647,1.153367197529891,0.29389707910412366,1.0308522959883595,0.822234217886343,0.5789578968312612,0.5005938349761572,0.27706590844614487,0.7818279734541383,1.4073483861435354,0.45352541641709976,0.3747846621615078,0.34772259416438506,1.822940959541717,1.5022909736101107,0.5188991282656144,0.2707393319035237,1.8650480709886637,1.2203403922788485,1.6712688483056248,1.2780894137378112,0.9799630412564825,0.37575094934217895,0.023193441524888947,0.737053848238776,0.8508197240538645,0.9595826085203206,0.9291477540928027,0.13911696746077593,0.43924474219953136,0.7124639635335268,0.2916240563044146,1.609893383549473,0.23909936007252278,0.3671021938961947,0.6319224446529618,0.5357353197377434,1.0159323124880237,0.8681773277814956,1.0684867965886289,1.6827903435387956,0.32663364368146314,1.2879748849970862,0.8356689110157423,0.6247820917354647,0.13091739810200337,0.20192488377173387,1.1030989732541718,1.0764407274873304,0.9627558160986465,1.242532959512202,0.7508946458629056,1.1992783738601605,1.0136126663830072,1.409954701017621,1.6423202297428663,0.9775662971809914,1.4012435113646722,1.5099983992153532,0.5013737955866839,0.9352939424054303,1.6121920849929583,1.6050864152105928,1.7717102485296061,1.2628116632837012,0.7388719645852193,0.9205436043758012,0.8737055485491649,1.1283318332979095,0.05515093138709941,0.0739252854486303,0.32500918937185674,1.2761524819713161,0.401953936969663,0.6063431166891835,0.36470021230807237,0.0,1.1753584202204252,1.764226883518025,1.4997477447558403,1.6723221434738622,1.234104414004852,0.24066907640430613,1.668921948990907,1.0319701254874274,0.07707532322669995,0.30118756751509207,1.2023115583070105,0.5872716048570076,1.6445553734440952,0.33115776714705053,0.6189712269900881,0.5946421573542021,0.1301408154484191,0.7859620219492471,0.5174328386875716,0.5417851847341746,0.8147985725651423,0.5494838384154984,0.9043270172515943,1.0399213365025766,1.6844245142185355,0.4288619201764831,1.0327358360071799,0.07333750542957027,0.4873209641990749,1.6609939210647497,0.4431248723167359,0.5980409063609171,0.46893900245730374,1.1955433732550849,0.36769900574805536,0.9526332068140316,1.141103107016834,0.9135543677344966,2.0286520856386665,0.3071662560975434,1.6756908436586848,1.5696645142305439,0.9568733990739946,0.31082837047561274,1.6708385141556727,1.4414001172187103,0.6600094266661014,0.3138365358593873,1.5457817506582974,0.7833482953525653,1.611938204816757,0.8302137303702832,0.8378207204870055,0.5610876879121655,1.1297271022490845,1.8499626299226155,0.6702698794427292,1.5047770556915667,0.17610649556299512,0.8762532179988182,1.9939199202031326,0.14588478902575736,0.5272015898268777,0.42373429052116107,0.8629929345836398,1.4173589559588164,1.831421360974112,1.236017932026365,1.5323690763358175,0.9680269622655862,0.9570087421071647,0.5398089671892929
0.857077691916371,0.5821478945847903,0.739387144950756,1.1601113705308934,0.72103630297753,0.5887021194549744,0.4070433359943717,1.4524415374741777,0.5124965156896477,0.7087567547523812,1.207455874454174,1.0705259280952832,1.374921115594789,1.0098323449755775,0.8560224275750331,1.3345418374039177,0.6161506225892946,1.4598759677400526,1.3959181155608826,0.29859407183004416,0.996803899015552,0.7846707096497408,1.0099676389139969,1.5919154412729302,1.4629689374543453,1.3376759261103017,0.873901809402211,0.7638735701280619,1.0941967750853392,0.6542027662927085,0.5459636334784247,1.0163720331382242,0.6976443285361226,1.1728469906551897,1.3453066560962677,0.87437126442052,0.5932711463920942,1.23360657899804,0.8536877705923257,1.5786652385390445,1.2566726842657876,0.5143807252063705,0.5719855936173145,0.27740085422373,0.3998740728108446,0.5875080483620191,0.3674873650219697,0.7053125491785217,0.7789889103458683,0.8190478364601478,0.44636069052939764,0.9112238684655279,1.2578282523638789,1.3920269070691975,0.8963142448824578,1.1577515715603754,0.8218532507736975,1.062515913577558,0.8531004182603419,1.3316450197879264,1.1593423229998727,1.0087950547236282,0.8237110464135996,1.0772566905043768,0.9093140843077269,1.3701798222928376,0.4553287926511446,0.7241135159370552,1.3527183561888463,1.3352513850754362,1.3196765619343007,1.4211616003354455,1.2266358445065901,0.6298841262944583,0.8094573614743908,1.1525385915208495,0.8627676066156906,1.4711662781069266,0.9455440963490762,0.2693436167947783,1.230650561317347,0.8474909831612711,0.4922272473293369,1.4454318918528213,0.6987391306515033,1.2421056304415334,0.8127159644129727,0.545851014019308,0.7115531804828733,0.18478997546055198,0.5915869803656244,1.1584505125892868,1.1530205860506275,0.8962385498396609,0.3055309035180398,1.3583191910874868,1.1747726350599346,1.1148003711930863,1.1562930903355757,0.529958186175888,1.0730485325710404,0.22180975180491544,0.6269872198107904,1.2393819556269414,0.42796898217593277,1.1764818141571793,0.9094372953256755,1.3571283267961707,0.24552451041754864,0.5105091487083715,1.2177078964907015,0.7942748709882342,0.3076935045880058,1.1650274765451265,1.0726149770681404,1.4655986332356996,0.942793746565342,0.8647468331018626,0.38842676768393836,0.333932316363097,1.261267202607824,1.1202249026861175,1.1461104317234547,1.1759990866227343,0.9266915901541651,1.2273040672407813,1.2951941220452075,0.8558028186081567,1.1753584202204252,0.0,1.4547193191149073,0.468298603975071,0.9744090819116252,1.2154037564862605,0.9460838557747829,1.2438939800387832,1.63420205955668,1.1016684264820373,0.9565738245647306,0.6618496762327191,0.9342215232049761,0.6670524124032162,0.9048734877475073,1.1531399894059278,0.7351246247551817,1.2269215549558332,0.3937658144303642,1.2854054982345433,1.0590426504190655,0.6484233631568471,0.8507691544823133,0.701771545889024,0.13550221955049363,0.7000026483613444,0.7465959263376467,0.9602507068590773,1.147768803717277,0.7173544922356654,1.1892057327248287,1.1143910655298148,1.4226385534130395,1.255573362913727,1.1005723618783598,1.2185465271194527,0.2911978140643991,1.0612616395783416,0.28311413466234336,1.5557155358183918,0.9573438085453757,0.9265499832877224,1.3095087841761632,1.521565437811161,0.9119040930564749,0.7224959570235244,1.0095724966820996,1.049117605334606,0.9080714188595104,0.5242267746340381,0.9057773169195128,1.199187737082798,1.438045543844077,0.473738515926239,0.7491744592354559,0.354412309207102,1.4389925340042606,0.8105070054568239,1.155903168416303,1.348334542205731,0.9035136820012024,1.532854515260057,1.0345081694493403,0.9741779617461267,0.7631037368464076,0.4303955232850379,1.3344526381525006,1.2600496473002052,0.1541395366372204,0.8866093172028402,0.8674996578141918,0.48670245875507484,1.1600965359353148
1.7958780907076834,0.8739766289908178,1.0330973539654025,0.31166065613432464,1.2579919575520537,1.0631899904531332,1.6209358338948583,0.8994120993141961,1.0051070524710564,1.763265443786996,2.1332667321079435,0.39718056975683474,1.7069158845419332,0.5301802614053313,0.9238661462434988,0.16418303105064871,1.8200501372954054,1.732970479517808,0.19971895814129054,1.1565232057504655,0.6918963751469196,1.2818782983198227,0.7920119657863574,1.2039047014772795,0.7038834851302698,1.8763270018872715,0.8520792184108602,0.7221258457578298,1.2938360912198796,1.4171588493018932,1.7902375481066073,0.44519063401988185,0.8033293864224015,0.3500441606151355,2.141158593523949,0.6474724520820383,0.8763472955956505,1.1458984946480482,0.6302292789855753,1.0339178308074053,1.3931537442171467,1.7010675533027688,1.0086886725743303,1.33559441900461,1.0607356092394038,0.9174836327799184,1.0873486180344059,1.333746039394936,0.8585212961476498,0.7631217684524463,1.2467064847796472,1.6686259681356865,2.048571667064805,0.7623142004978439,1.5473818767595917,0.7564730537132764,0.9682257886011957,1.1967823719895514,1.873748110227309,1.6611298669321417,1.0250743745564477,0.4527226521067026,1.7949840671384405,1.982420710768594,1.7938888099199422,0.20557718589310164,1.1782404057918086,1.7286103116894962,1.695956994443447,0.31960018152555536,0.6219868134526089,0.10627617264142189,0.5021691179947387,0.9386211858929621,1.646825468498455,1.7546294411867154,1.0392938918498456,1.1952209806886598,0.8088926545526359,1.5449027922728165,1.8991516513851041,1.810644455789199,1.6056315902038827,1.8387705513200003,0.9437951492028865,1.6062666637009069,1.6272408970803214,1.5311361626020208,1.3426621339100067,1.5322525680853674,1.0553104328928729,0.7152779899630642,0.36405361445209933,1.4842331210318895,1.1753507179865637,1.100114436028965,2.2150611893819407,1.8226084123045543,1.911592767221451,0.950894004026951,0.6889958522171585,1.5035212555087036,0.8288120087336838,1.10114436174585,1.026801997308683,0.7826749847781851,0.5453919064173189,0.1225604280642161,1.3138057488803099,0.9998516500206032,0.2671505122423132,1.8068710405424617,1.2778083709010597,0.3006818939930923,0.415359023643298,0.010928568798015351,0.5613146300883338,1.0370334462770772,1.7070880715533168,1.3303696605323154,0.6943058780706586,1.7320767645075403,1.8023761374206595,2.014777560272864,0.5643353209006258,1.4426678632569876,1.2914559430592076,1.7333060748841664,1.764226883518025,1.4547193191149073,0.0,1.15408967628173,0.6103324178868453,0.5487851550406132,1.5850251161074735,0.22762006501024185,1.18313656691124,1.7413070544712341,1.4786694228132768,0.8030293284963543,1.1783352262578166,1.0420879793667015,1.7680789702612938,1.1890213433047618,1.8249748777995929,1.890490302561497,1.4159615847463918,1.3736867890994693,2.08336420954175,1.9039635332781781,1.235014129230013,0.9502456473295567,1.441790163708006,1.0499733989554205,1.5653220221302762,0.7374146026011513,1.8033644670282145,1.6655387166696607,0.29611889452588774,2.057259306158312,1.4220345750334387,2.1601588904989573,0.5687318275016834,2.0694417859288863,1.615368094114516,0.6232500741411309,1.543769222196084,0.3151462699564902,1.4710203525550078,0.684089146040296,0.1947373703488917,1.1302701776422097,1.752541822170845,0.9908432665618591,0.4460707004453388,2.1503449488140336,1.7503116229455968,1.12921552984915,0.9855107162076343,0.25952447755940483,1.1829222931804877,1.7362295432266759,1.810181798120368,1.1068698498227965,0.1513176201450904,1.1220452631736624,0.3071188232465192,1.8960084536403345,0.8955009823163486,0.2807291756037976,1.6566723714520653,2.0069731132111284,1.490605614865269,1.2088710548765762,0.3854724267613523,0.3818042167919626,1.3182132434245393,0.6115439958172735,0.8194355679223291,1.0698550044080897,1.2706756816196159
1.2567544818023468,0.42072746556349166,0.2711257876136271,0.908154620385872,0.9403972597445829,0.1249093026957093,0.8447181336701924,1.4352881324323026,0.16907459647579146,1.1287345109622688,1.6259038651486653,0.8269780624611232,1.639616125524784,0.8445363611143979,0.8963218722342624,1.072571121114986,1.067733217962628,1.714557528099631,1.15398369385297,0.3337497656311695,0.9244639444027918,1.0068545085349958,0.9886552865664179,1.6502392833521562,1.3790130826507963,1.6615064207557246,0.8754720114652214,0.4362103762643205,1.273566531760413,0.9580577108691909,1.0024072424749226,0.7705327982568686,0.35359581260800144,0.823576045403049,1.7393532872534858,0.5102088753371162,0.32136588938030375,1.3360906241055552,0.5253467814092535,1.584157280513423,1.442530109624012,0.9547806803284438,0.14679208570588553,0.5921435258522695,0.37850489548436284,0.24787364186860678,0.32551126021852744,0.962792873574401,0.7700532533715808,0.41287218407761955,0.6834809276178442,1.259884615741892,1.645891209125229,1.3368847809472006,1.2059414231119399,1.1200651636479988,0.8853272355057845,1.2097757344016775,1.2750530056122749,1.5910579356443106,1.2271780122980258,0.7639877471942198,1.2298555845067665,1.4839499392281985,1.2977879150809284,1.0221579306274355,0.024168170180340804,1.1306931536050249,1.6186768358703048,0.9607206562953315,1.2228055545210204,1.1506844900389295,1.087070882802926,0.6408004754125236,1.1717669402152366,1.4787272436821866,0.9626785211771631,1.549931164583303,0.9294994924932176,0.7098426654085164,1.5835661158578755,1.253355420676653,0.9065170689531733,1.7352099615008916,0.25113968712946383,1.5024084723167899,1.1676167603494734,0.91986483952892,0.9721745933662668,0.6396454532034411,0.6930721630414314,1.1040291668396165,0.8053587291084139,1.1825940513830198,0.21432499670084407,1.4246978292553576,1.6160631025712142,1.4694985970109586,1.5281128231383556,0.4797345947677843,1.0060940178857378,0.6557751665166881,0.4448336455006036,1.3247513318369402,0.33282979370422217,1.1483878000156817,0.643053700429084,1.082353751631093,0.5417604099643247,0.17952047336689192,0.9679906741670241,1.2096641848111793,0.5707246247380613,0.8536716847622664,0.7400828028508166,1.1648380967237073,0.7662597752667006,0.9634545832166028,0.8516682640668364,0.6393949657285984,1.1944089363924684,1.44611095048094,1.4882358913034133,1.5716227364317754,0.7405892164303167,1.4357704074811297,1.4388091108212326,1.2368056343391771,1.4997477447558403,0.468298603975071,1.15408967628173,0.0,0.580858635756763,1.0939970212671875,1.259142119632975,0.9273287878503131,1.6772923436271225,1.4343033095054334,1.2293845830277745,0.5088076423512096,1.0912739495317405,0.1997417745775399,1.2865081121992357,1.283896250700409,1.1668174331144296,1.5781297348724779,0.7441838630318525,1.4591594545264492,1.4929051054710907,1.110557753171766,1.0430613797143147,0.7427345217643644,0.5562388583760538,0.23170895715840645,1.0927823470913811,0.9076333773868094,1.4898464279697092,1.105081430367544,0.8614973579899404,1.532399272923224,1.5859617067925653,1.671292522389985,0.9796056054078331,1.6196504425015437,0.7500377438645759,0.9619547623186617,0.7200221057420545,1.1801813601030735,1.2271840687970266,0.5172033326519271,1.054797409957143,1.569394760319917,1.2873286836385625,0.25837311779998057,0.7465842807861105,1.4977828206626769,1.2835962660918367,0.0560447405190534,0.977717005610344,0.8969183501322532,1.5188030336267848,0.9302157062523898,1.1742878343408047,0.3759543069319954,1.099065451622103,0.9543557695469693,0.8939823759751623,1.675635663026282,0.9304062912196749,1.1636484071083102,1.3538684974925637,1.4060651389840335,1.077375783417272,0.6383767518127356,1.1539156195944784,0.8781293027884204,0.32329409058055547,0.5426665186964992,0.8492473614418036,0.5747270181783197,1.319883384017519
1.5614177632776922,0.4808808149370747,0.4231038688463211,0.45757586393442673,1.0855684396050314,0.47228728807204534,1.2537922577389748,1.1853257299576507,0.46631393582164443,1.477483305375231,1.932571435942046,0.4154581782313385,1.7173625289478673,0.545727135986905,0.8510349661812141,0.5769835826059831,1.477379707186451,1.7715873189532998,0.6711695107601487,0.7034074364400404,0.7239164945851343,1.1367473021515615,0.8324539821014786,1.465282250676638,1.0551940896810066,1.8177042360663014,0.7907370098767498,0.23377906350202265,1.2939802837043224,1.1910293654362025,1.427890633281016,0.3797685643182633,0.27983591777049943,0.26086316026272643,1.996366445665117,0.1154230150784768,0.39656827970768216,1.2505493563575674,0.18051211475815643,1.3423172788001776,1.4433557319977133,1.3544393356783175,0.43566787633937626,0.9547028768281035,0.6422824446700278,0.38694617364794137,0.6396957675569257,1.1436327342937824,0.7218253425544807,0.16802236491787656,0.940467680746609,1.4933665913083038,1.8992426242169502,1.0551289907142816,1.3975026784670044,0.9046760423652365,0.8722948998139182,1.2036066585833727,1.6130030294264661,1.6669939731292958,1.119875162390153,0.3781584078529013,1.546984005380718,1.7795856548654878,1.5816910709072862,0.4495554074786435,0.6044761164176984,1.45933214394779,1.7002686358032264,0.3800140286669291,0.9087548241470293,0.63656902462434,0.7463658560531587,0.6944090415738784,1.43506507524618,1.655997716017972,0.9649187353830158,1.4023947620927113,0.8009500435311292,1.143069439760855,1.7882261364673262,1.5676788707254576,1.2757418191639902,1.8376178590639036,0.34418160619893323,1.5897364197333717,1.4219487085852105,1.2389220508230325,1.1540451773283134,1.1017572053251283,0.813336165168491,0.8710949021546819,0.24628096568189892,1.349548065846083,0.6695367603062656,1.2796603445088124,1.9693199785660074,1.6873418252217067,1.7654674284957967,0.600891667217816,0.78457187325135,1.092133981681558,0.4470524997141498,1.2200530245619856,0.5863304263979533,0.9383481936999472,0.2961120916770204,0.5708215051532551,0.9160466429439065,0.46625529602441834,0.506098452296222,1.543020129163087,0.9051467812844132,0.33193320417506483,0.21482802327743408,0.6202977329424818,0.48876973653602596,0.9640147526714181,1.3061063625420528,0.9741233827365023,0.9243612410300801,1.6265515567138558,1.6864958339896043,1.842548159595299,0.46285640818658774,1.4659061717764448,1.3874957710635405,1.5168489387536048,1.6723221434738622,0.9744090819116252,0.6103324178868453,0.580858635756763,0.0,0.7757054373556412,1.4468318025132882,0.387676335320353,1.47068425421789,1.6252122750456592,1.371749502393845,0.4740182425393476,1.1240031833140005,0.438080302552186,1.561780843077147,1.2427956034439924,1.5307985592643991,1.7807903755419154,1.080814965986154,1.4424497566266652,1.8369975760452217,1.5442990822297473,1.1293371394301979,0.7689752174453803,1.0069569217172445,0.4418931110018519,1.347863564181731,0.7398808149208955,1.6878765985701967,1.4109508615911546,0.3177138498089633,1.8441202951089153,1.539359259997522,1.9702841029868063,0.6936376054181268,1.8962653058286796,1.203923314783423,0.7114328361032765,1.1473242182823253,0.5994236214577767,1.366287664965847,0.073757280241735,0.5705297972259777,1.3811742501933315,1.5537460391539577,0.38303279321756223,0.338707677554927,1.8740711156499377,1.5505779184902813,0.5447144371319684,0.9415566907300432,0.3790457679928495,1.377885086306137,1.3616966971597773,1.526590834005147,0.6813159881650923,0.5287205379399262,1.0104917245828116,0.43276719078441656,1.8355130011621403,0.8556532344375214,0.5829024693615396,1.53666605797881,1.7517881905516668,1.2969724213640912,0.8912976834915645,0.746123402318215,0.2973038028731451,0.8220634043054931,0.14042923800645224,0.7507564825813952,0.7561418220253034,1.3079268406379692
1.3233682415049204,0.6875548155234897,1.1057369922192144,0.3537096089534387,0.7902207542401664,1.0561765795971045,1.2515161077988577,0.41328135812227623,0.925036113138338,1.3230399264319108,1.6327733167876541,0.3629947088038981,1.159340202850383,0.2542022092624029,0.45097893362709873,0.39076917445422493,1.4161864484101152,1.184194332946351,0.3598152154848712,0.9376180166926998,0.22853398268290662,0.7963711959864902,0.28148246031552465,0.7076659068510837,0.2902548382136777,1.3365129203826451,0.39182375919908446,0.7076721511568728,0.7530794993057888,0.9651366611730453,1.4036542795308649,0.39634486570088984,0.7776590146526688,0.6298891292471687,1.6195219560491811,0.7230805454914857,0.7729623859687337,0.5973343769813884,0.6559828010903747,0.5689267426942517,0.8447262399470647,1.3084432347897252,0.9781665728224387,1.0117586923454716,0.8306879202484451,0.8539199405742457,0.8795850408631855,0.8681787065650537,0.4541305980838407,0.8419267517272109,0.8738019869242026,1.1723910839655167,1.5301984687350665,0.27963023062866593,1.0455677698561998,0.20856225474243048,0.4999878598362124,0.657650436293361,1.41237890063468,1.1142016795463836,0.4767516447293106,0.3985710640085633,1.3300514544450985,1.4870136160579426,1.309830575955188,0.6648069446421891,1.1149314255797809,1.2799683120360412,1.1489432714525543,0.7463847518478407,0.1353962522991293,0.44738066521441944,0.04664118319687267,0.5918566438432719,1.1697746047028663,1.2266435919504588,0.5450738362810756,0.6707466273056882,0.32489442867047574,1.213490100839696,1.371636643860986,1.3421153156656704,1.20779950523766,1.2914409854924067,0.9827945759253827,1.0626037745836172,1.1478765085685887,1.1122555768160953,0.8753336871655468,1.2298218247935897,0.6712170075486673,0.168048546076732,0.6244296420713533,0.9791038429795629,1.012387499954514,0.5632390055691657,1.7334704395233334,1.3047016170082997,1.395209886551202,0.6922543620914238,0.1753455901929962,1.1856705291345866,0.6543066934956749,0.5530584007742838,0.828813602343261,0.23389378426074584,0.5038456512127228,0.43403603741953967,1.008998131157673,0.9144798682987179,0.3406466988762347,1.3505840829952926,0.9559231800932121,0.5165518757780047,0.5870548887501293,0.5544300352373502,0.33164263192398813,0.5424160017945768,1.3597452157215517,0.9855458933107412,0.15991566472114196,1.2067297871191298,1.2785082705349133,1.505565632239909,0.3592830231954053,0.8958328113281039,0.7432372379230571,1.2542101693433978,1.234104414004852,1.2154037564862605,0.5487851550406132,1.0939970212671875,0.7757054373556412,0.0,1.0764586476723914,0.5342688168658932,0.7040962683455412,1.2190995451191355,0.9625812068383055,0.5949501497914844,0.6596617147401836,1.076636801790089,1.2822021319154397,0.6420503386087155,1.386690293282872,1.3627911027781738,1.0418041974929775,0.8249018892775462,1.605987418156321,1.5081316963995766,0.7340635723461482,0.5483630442923564,1.1546249831930055,1.1028472323031362,1.0963789398151023,0.27441716210358735,1.279347925932035,1.2117460986631459,0.5643249666847345,1.564333075853708,0.8771176073959767,1.6545278256022977,0.1171462677239667,1.55928428291709,1.2858306561751374,0.15548196050457525,1.2075206754780825,0.8476272395882767,0.9544589635447661,0.8295579464129295,0.3638799292538427,0.6259998696533514,1.2636670007668653,1.0513436299421381,0.4371086010626271,1.6871622323892737,1.2619904557258441,1.0959138287451338,0.4832481320522353,0.48932118666663926,0.6533499683344849,1.363522609841451,1.3658855045602791,0.8714809507696057,0.6644340824993369,0.6364874555484137,0.3810262250130662,1.3563140023959042,0.4083432983750211,0.8117002537903648,1.138388032643153,1.5369643309987644,1.0137071413045033,0.8519623428141796,0.18374813700392814,0.7525536246228838,1.1173539359247517,0.6727492911520018,0.3767189845545086,0.7409503369759457,0.7243593649034575
0.3114594065061716,0.988070991073737,1.4752778074680348,1.2943692536126281,0.36127679179199396,1.3315109707000414,0.6140202481398345,1.005759482431859,1.1725429102336495,0.4174221428360905,0.5566775868003,1.2306198646981585,0.4421590565829416,1.065048239238227,0.6628982513450201,1.4214716746189617,0.5919191982314291,0.5312575607184754,1.421974987685981,0.9253933513590713,0.8934723721426436,0.3146846235052616,0.8006518489076723,0.954443943118597,1.1477448876673244,0.4026171059627117,0.7353339453742243,1.2263131056825252,0.39206714528508213,0.3029322175240881,0.6365744431177628,1.208012498264313,1.222335021199268,1.4896723258615252,0.5611322644088403,1.3342393786484275,1.1122490277640804,0.6276593879707197,1.2667182762022666,1.0477601443217692,0.4646077813208534,0.5664861690899158,1.266053967132668,0.6920224699373172,0.9003705590105348,1.1827238005413774,0.9429767078824624,0.3085024461357561,0.7545265746468037,1.3727365136086696,0.5758518243734441,0.11761579883723411,0.46600848837046943,1.0443394289375383,0.05322903181241954,0.884708017890132,0.6215161376993242,0.45695158394861396,0.4152143443336418,0.4061174118210938,0.6673796649231396,1.2026565405260947,0.3401843391606969,0.41476418236923857,0.26728477577644927,1.626129042355881,1.261818579510668,0.362499576674349,0.4200142942688392,1.6600613367483736,1.0851220901436491,1.4977162130086832,1.1175429658508362,0.7524375929052283,0.19369939426873908,0.22006126122921277,0.5457388109348321,0.8257312583078708,0.7764823794983209,0.7113494710568203,0.34174252302204866,0.33824292532893463,0.5080645560293597,0.49965717078575334,1.3714071151000384,0.32370368501728086,0.17414173915955186,0.41237403156627345,0.29815705560735206,0.7954029775799354,0.6361978300326703,0.9182344665106106,1.4732362865247692,0.10151542516607147,1.0476023105457948,0.775329676239968,0.6709088246956829,0.2432627866564329,0.3285910484816374,0.8679023267767019,0.9082792446707956,0.7397696348141746,1.0107820732853732,0.6673001075058608,0.9597150574236228,0.8737076575187038,1.1942900540358465,1.4624655399798625,0.7400281401639784,1.161563154542912,1.3237668957596134,0.38281392094578987,0.6960026819897271,1.4098185832921146,1.3929978804025316,1.5932383252428648,1.0599881535747637,0.5479923420142195,0.7277716840683486,0.6360364033749638,0.9928963605896232,0.18775703970060406,0.24026567966001386,0.4304544504551376,1.0704948914962547,0.3994246667142966,0.5761963760003419,0.23761124410836643,0.24066907640430613,0.9460838557747829,1.5850251161074735,1.259142119632975,1.4468318025132882,1.0764586476723914,0.0,1.4710988291485532,1.0159766564743646,0.1802928227185791,0.12035857703107927,0.973923521516952,0.41722919521360624,1.4045109815065002,0.238823652888777,0.5271283900863997,0.4654901125154401,0.3345521415144179,0.5532402104777274,0.5082927729722123,0.5535857376357457,0.676984881138108,0.35005831802953385,0.6846441774951733,0.8107096663330434,1.4443859352255188,0.21031181886095626,0.8476109214544907,0.24170483730768616,0.30795465479808803,1.4572962950857384,0.4930894421408334,0.6283522999534833,0.5783076599145028,1.0213381088721685,0.48484575769382665,0.7438208860557883,0.9650476286340053,0.6958227708598242,1.8340764200499897,0.12881143224376604,1.4464687638802929,1.3906371730697689,0.9227834541268457,0.21488070072647475,1.4316113219427686,1.2343579889428653,0.6551457740440738,0.2149753878652555,1.3051126745429766,0.6008124955516047,1.4137345777994912,0.7985549220233196,0.6557002916563953,0.4320175649977584,0.8891963362720122,1.6592213047733455,0.4661137551325417,1.3106067671820987,0.4164993324259782,0.6895487806541741,1.8001247626658377,0.09494338297442015,0.5025945340388892,0.18525675035344383,0.622383692690874,1.259712678831165,1.6210899999735713,0.9990875157059272,1.3077738678757909,0.770923723319729,0.719343258778978,0.46523464793556574
1.654007367284253,0.669266847657639,0.8085259528435204,0.19001513527879696,1.1256234621342296,0.8355699653877793,1.438601286126812,0.9363206774651258,0.7808779297015355,1.6054331776648367,2.0056477241337656,0.24048064271075348,1.6476430368433908,0.41073974885128245,0.8114830008475462,0.20647446157949925,1.646469260905258,1.6846795089779052,0.301421049022653,0.9476646304228454,0.6018151218837582,1.1590297607084696,0.7139417303984644,1.2379107041866872,0.7660150221876921,1.7942325747059393,0.7393650334386246,0.49795360467335875,1.2224168723754911,1.2718354587057457,1.6109503805322354,0.2690256271234497,0.5781547597547952,0.1351949241823855,2.03209117955035,0.4198635110354474,0.6573957573235437,1.1109460974041516,0.40534429549008016,1.0856998936297264,1.3431879112913794,1.5251657026516303,0.7815833788530666,1.14579000285925,0.8569050191504745,0.6932411184516594,0.8783136994162472,1.1977386611651712,0.7203697042048549,0.5361576728150137,1.074403439907948,1.5438380134386,1.9370810782685244,0.7969525010263616,1.4288953402203057,0.721939406741746,0.8501658821639391,1.1250546249924402,1.7246796659259378,1.5994391670069041,0.9817939084336518,0.2755180908522558,1.6489180705947013,1.8526628195137504,1.6589830887828456,0.15512972047770213,0.951492576310373,1.5752680524157598,1.6342343981365581,0.21283061597731098,0.6453578058038268,0.25118589632176824,0.4914738866849888,0.7725803736178145,1.5100211183549082,1.6568542592162714,0.9320906112762933,1.204952364953812,0.712982989773524,1.3528083711394667,1.7990417354145012,1.6663167139402812,1.433202374467769,1.7770415521228702,0.7166081894213016,1.5353941255868206,1.49217576366155,1.3682746176377814,1.2073432059578935,1.333104312778461,0.8950673025112245,0.6812173637762478,0.14434536344101365,1.3695934318273792,0.9572618498904474,1.0952041029729631,2.073758707783125,1.7132488652092273,1.7996829970673205,0.7584465530095108,0.6256689236259227,1.3086179068436472,0.6242415933437693,1.0705925337221502,0.8178487440741521,0.7532358470047679,0.33940243632153266,0.18904365586138738,1.1195695713113307,0.7761484925233095,0.1941284030085281,1.6561108235368691,1.0889945833119064,0.07890032344307446,0.18778341599057552,0.2381963836650163,0.41221689658423133,0.9302091902119021,1.5168468962215245,1.146653328101373,0.6939495419306493,1.6315954417159357,1.6993316956007263,1.8953252473275615,0.4053046992489609,1.3834740770280223,1.2571166308103594,1.5962620784608388,1.668921948990907,1.2438939800387832,0.22762006501024185,0.9273287878503131,0.387676335320353,0.5342688168658932,1.4710988291485532,0.0,1.2286383042343099,1.6373365537341766,1.373316617706946,0.6079114761620681,1.0835341665692921,0.8152445959833663,1.6347144107988916,1.135086573665918,1.665359533350556,1.790696313777931,1.2392810976980482,1.3305006500350398,1.9407765708580613,1.7264174920785103,1.124050853063166,0.803355872488332,1.2406792448530102,0.8241219021761244,1.4254317024396854,0.6397566058404179,1.700467542149234,1.5157825177308715,0.0699931555333325,1.9249353177055217,1.3991961745268195,2.0362979631729967,0.5055127523244709,1.9502248891187752,1.4216353705419658,0.5498428058853646,1.3530032557170468,0.3639064213796386,1.366259832211714,0.46111565614087763,0.21167653215279017,1.1577996834796156,1.6213646985335957,0.7649963964736896,0.2539899774550746,1.999085664369403,1.6188043946086832,0.9017591347278523,0.8867146440567164,0.05739029310317283,1.1870314071582866,1.553150648304577,1.6535359635087705,0.9026196478407169,0.20239772472817136,1.0053256885420236,0.1670672074263053,1.8134924417809224,0.7933566766472817,0.33101993644752176,1.5500794639099469,1.8609528667310096,1.3568694214134183,1.0326031984746313,0.42960984560327886,0.22486959687603517,1.1031521370712813,0.3846714096992912,0.7017888874206499,0.8905806761707551,1.2126968833243117
1.32707333623939,1.2586525126146348,1.7544007292075399,1.0561960269647634,0.9576993552302768,1.6731563207472286,1.489890041263449,0.29246606836724837,1.5180817735469607,1.4094161277575152,1.4998921716862739,1.0649905670718733,0.8077926135918578,0.9265618425566993,0.794714842090065,1.05302466995394,1.5638833385223103,0.7774149455530418,0.985060160789038,1.4261060259186105,0.7726128237933799,0.9127169907620927,0.6906096960332154,0.06403136170715551,0.47947195132183035,1.0481399120921582,0.8034113478982298,1.3633303446453047,0.6359571995131228,1.1089931073119634,1.5859576088775746,1.092265921937171,1.4190511893748838,1.3326894207944824,1.4019830859142826,1.4041659380783262,1.3772506221632137,0.41970476586851707,1.3313507623795509,0.15022129173862003,0.5628419247652673,1.495711882735474,1.5915802869004532,1.3680644714027015,1.332506804781567,1.4664784459627183,1.389923119103023,1.0109937553056547,0.9094965009531781,1.5133204488569552,1.1963136725723937,1.1335235883660113,1.3390988781816309,0.431695819445401,1.019738163047969,0.5754806318551918,0.8197014073511485,0.6121138648138922,1.4308210122858922,0.7860096948009981,0.4748756535518132,1.0932422249206344,1.3534675101879532,1.3918230284773865,1.281808223023705,1.342449028861916,1.6938566177006968,1.3545724054720512,0.8113723650767554,1.4362166450362965,0.5833810031803547,1.0775403864598858,0.7419111646665345,1.0507336945647112,1.1925449600424132,1.0384084431792695,0.7714518766121615,0.1905405500868656,0.7479805952999977,1.5178303440479546,1.1589487786885195,1.353498047200963,1.404593350673404,0.9213880252260764,1.6277895349092621,0.7942407078481806,1.1690204006342089,1.2891319908510885,1.011015398827173,1.5711506976087781,1.0483186855065239,0.6037752326644605,1.3279737335445532,0.9611533412328356,1.5349378125015285,0.2779838342463257,1.6506303336700459,1.1518487509386692,1.2332415995273147,1.2052912339606854,0.6979360266200332,1.5141830904312996,1.2416416176452514,0.4011106984753424,1.3581632193773663,0.5430830764381908,1.1833032920306636,1.092160294465812,1.3904429828710994,1.50594982209825,1.035369988164842,1.3929043088278057,1.3280708954860743,1.218950698735094,1.2903681000806029,1.184849205131244,0.9918205327206704,0.7694592478300477,1.615190778975444,1.3191470579578526,0.5479478739663427,1.0371787862753543,1.101863066144516,1.3567382633963474,1.0199251682409625,0.6356718115377648,0.4403358779720482,1.2523787740491732,1.0319701254874274,1.63420205955668,1.18313656691124,1.6772923436271225,1.47068425421789,0.7040962683455412,1.0159766564743646,1.2286383042343099,0.0,1.0629898035839493,0.9049568922359007,1.176461558055019,0.7283979695559645,1.7114990129972039,1.2538807083243675,0.519095355567971,1.466286165017974,1.1505673882529233,1.3168417955575737,0.5187230988067905,1.5511956811409642,1.6574752637667858,0.8299621005568502,0.9556973161647959,1.5286039574593808,1.743583429559047,1.1600854233939735,0.7775658867413465,1.1017779351408172,1.287723509108337,1.2654371504027497,1.4664878825041427,0.4426630238449687,1.500120412114058,0.7770911451286133,1.3992481506672554,1.5801984910616544,0.7642193140791544,1.5059318369600925,1.4982172696138623,0.8974733660477746,1.5181891314749483,1.0333959427160562,0.11263672109987158,1.2294973779908382,1.6992237515712783,1.133624010992743,1.6618740786653254,1.2299549006947614,1.6947419568931592,0.730847258154469,1.1885641167235208,0.21968860133710885,1.5768206240256066,1.4350030393102693,1.358990453373842,1.3236020126883636,0.8310096258200244,1.0837438752963453,1.0657522827580521,0.7536789885236043,1.4634885039034935,1.0197957915539668,1.5127242052484484,1.077924710542324,1.2047707173900246,0.8087715043459363,1.4515181206400936,1.5901930093245291,1.3552622389820996,0.8280765088696979,1.165561237601775,0.5576762156775883
0.34005686052975453,1.1682761319565238,1.6540996514357755,1.4573183404691312,0.5399918757031469,1.5093230792252932,0.7413130519665535,1.0991081793835191,1.3513923142544715,0.4901830650385986,0.44252288810952217,1.39709922425547,0.35448877701994724,1.2285077114196545,0.8260428368258786,1.577199352366642,0.6689469605330339,0.44180971349348874,1.571582678199848,1.1007451708582139,1.0499430021206315,0.4896197282112053,0.9507255392769277,0.9993247140791715,1.2596253895925422,0.23612205294187735,0.8983835544214307,1.4058776293154363,0.48779340364690127,0.4762482807506171,0.7270151876694071,1.3771634218174849,1.402562413200873,1.6612610517815218,0.40070644996526866,1.5130588187441685,1.2925278197536143,0.7142504188144445,1.4449066879959078,1.1178861534716187,0.5007554882594946,0.6739483275430259,1.444815730286238,0.8586899296959957,1.07914563620418,1.3627156011148904,1.1206982400274967,0.48878925441605064,0.9259331895333484,1.5528495033085497,0.7523093118819989,0.19309026391158882,0.3116450849990258,1.155802458408863,0.23249621866798764,1.0194784842031628,0.7875568145675558,0.5718553303190712,0.43088409525998445,0.33633851518600705,0.7800040586239254,1.3720734161353332,0.3796224116769293,0.3297353333929834,0.27533688918500754,1.7919827094563106,1.436187781004447,0.44233313804037117,0.33525076615317717,1.8300210046436651,1.2137713418144154,1.6506680328674779,1.2620660124427299,0.9310910931425216,0.2991404517262088,0.054081140174295814,0.7060945354483935,0.8779198618534082,0.9332632378959976,0.8534772148295752,0.16351332926465273,0.36647054755776726,0.6358603654260779,0.3680719314777986,1.5511325977618386,0.28273327782365454,0.2912423764115048,0.5571180709991255,0.4784373217918062,0.9405543006112556,0.8159772506268889,1.0557380469599127,1.6452279398003045,0.275718011864111,1.22165031731894,0.851946045959807,0.5876409303975438,0.09134144419299332,0.1807374910968308,1.0481864528158744,1.0567403194119809,0.887850911998742,1.190666970318984,0.7589471477632328,1.138855524546474,1.004460438633085,1.36880102148621,1.6189660139904862,0.9078537663644284,1.3405203260981204,1.4836370897191946,0.42750913819332176,0.8673369861955125,1.5783033509779605,1.5660880917424238,1.749117662729629,1.228275276739994,0.7081104147715691,0.8434693052026402,0.8042601314000173,1.1213352596951063,0.02986253668267276,0.062137550507767064,0.3015629759543599,1.2402166259575933,0.4275104202628519,0.6289516189401192,0.2885041696873766,0.07707532322669995,1.1016684264820373,1.7413070544712341,1.4343033095054334,1.6252122750456592,1.2190995451191355,0.1802928227185791,1.6373365537341766,1.0629898035839493,0.0,0.26410261925214557,1.1529855705581435,0.5633330417648739,1.5829479848457022,0.256958821382781,0.6225426567893646,0.5204941423901808,0.15578076087926032,0.7140078300010613,0.5445213590550729,0.4932825010075679,0.7408055790197969,0.5134422482205557,0.8602356295661551,0.9663517870642138,1.6228220819567383,0.355188217267261,1.0058168182387073,0.06336083256683547,0.4102616491528284,1.6264787640850582,0.40351893074660694,0.6380578989307443,0.4514101066073708,1.1737480237858704,0.3508127968622678,0.8760664459537998,1.1183799201553333,0.8378937853851766,1.99892680748111,0.2713292488465678,1.625902206831115,1.5465701217759267,0.9821094573479812,0.23572641684493975,1.6108977753150941,1.4049572068045233,0.6090119407514805,0.23858039084493676,1.481207822103084,0.7563725492336248,1.5801112447086807,0.8551830145024301,0.7608466371394543,0.48671088306308563,1.0667228299594902,1.8219176662376475,0.6332068723398522,1.4747583886919076,0.24678963692295267,0.8480362697080328,1.9645450540816083,0.08872148784642092,0.4693787867004477,0.3569299152953882,0.7997654021512505,1.402824789827613,1.793531876313596,1.1655847399480608,1.4858129931716069,0.9355579943154201,0.8994708397972165,0.5473434060757638
0.4239094062234576,0.9269574610114577,1.4308127941489883,1.1932594118966018,0.29673914859039363,1.2922793581559013,0.6633103909353779,0.8858693969665129,1.1292828355809599,0.5102893014165184,0.6735314782545989,1.1331437949465077,0.41991771029283304,0.9644092759717139,0.5619521690867384,1.3146829539646923,0.6766561043102325,0.5034730405276557,1.3115648427058855,0.8977357995408258,0.7868853850825966,0.23706314926368635,0.6898960809048666,0.8444144006075132,1.0276065365859508,0.4484433071904322,0.6342821678588464,1.1576198030210094,0.274422766667267,0.3029188484317048,0.7125648130715044,1.1138269118634212,1.1606582085282917,1.3988417212270672,0.662523011135556,1.2612162963821532,1.0555863828783607,0.5095245817029553,1.1912395858840883,0.9309928609432608,0.36645782247897685,0.6333223022828546,1.2227683491355303,0.6888239301111128,0.8595374605885232,1.131080461436112,0.9067155895650868,0.2671509136960301,0.6642654060488387,1.3086035067952009,0.5505396300838044,0.23460776079436005,0.5701817823690003,0.9241395910426679,0.11483590265770434,0.7679140939902939,0.5238649046925525,0.3365950133361855,0.5272809636868602,0.3753323853919354,0.547054016378816,1.1088321526238047,0.44870876679557903,0.534165743095214,0.3849344481262178,1.5279186141287222,1.2343001902778432,0.45481117334194915,0.39793211949533697,1.5667890135763212,0.96709458508241,1.3892080180525084,1.0044878181155925,0.6809239829691559,0.28865669199423494,0.28628197827786805,0.44203366061416244,0.7144166893714113,0.6700116517911237,0.742992462450997,0.42599931326780605,0.44974004232874504,0.5607841103847683,0.5059929164439598,1.3215304682574012,0.28558855001248995,0.26560388342355634,0.45276552610561543,0.2581957471722056,0.8217521063770111,0.5727855048713071,0.8023114218475866,1.3830517787751404,0.06643895094497457,1.0225249756952677,0.6582746402845957,0.7911319519605636,0.3440827679553987,0.43374668843630615,0.8101054839576803,0.796825080015262,0.7637511708714776,0.9454088254138592,0.5482095968018752,0.9162424546857489,0.7558764410336469,1.1089577848575745,1.3562179669330754,0.7335055691639221,1.1177735009552763,1.2199887096365383,0.48802476367705794,0.6826854835942344,1.3146886983751287,1.304724031071231,1.4866137501078462,0.9647542672964042,0.4440671721706007,0.7839375823717313,0.6310845784350311,0.8747252835222427,0.2590708684491309,0.3260278112782246,0.5431622730904591,0.9771811563936171,0.3091556616356822,0.4678024734907639,0.34863171617578864,0.30118756751509207,0.9565738245647306,1.4786694228132768,1.2293845830277745,1.371749502393845,0.9625812068383055,0.12035857703107927,1.373316617706946,0.9049568922359007,0.26410261925214557,0.0,0.9031800021537465,0.3031792493720406,1.3622180561706698,0.3561529105846689,0.4081619251233198,0.5640632265200101,0.41777389691946637,0.5646268431436781,0.4083402414711685,0.6738087178137826,0.7663454975373623,0.2498506643073682,0.6032957681752948,0.8232482413018468,1.4019411615350175,0.2722336845053265,0.7422924296629945,0.3271558550008832,0.3919753654677154,1.3630478001856283,0.6125624328550948,0.5367613587756223,0.6927142958201499,0.9122001346931796,0.5967247461965011,0.7850318089329312,0.8564197056026703,0.7279115611082204,1.7348241983367205,0.008468809977279293,1.3764064313619107,1.2839738638129823,0.8088969893838874,0.3328495008523518,1.3846515869021503,1.142185543047826,0.774246883551356,0.3325899720711328,1.2722223044189227,0.4931989887930252,1.3161126904765081,0.6861696273509513,0.7215502716670342,0.5318705185385544,0.8542897717443589,1.5579128262119712,0.37024616853132525,1.210656313535149,0.46546854400913074,0.5843234028962982,1.7004462664071576,0.1780214666340301,0.6212686323397761,0.20883107294404632,0.5922762508336428,1.146199151358736,1.5315579090168498,0.9913036105138185,1.2316623089159153,0.6715277974044077,0.6695511530424437,0.349705819492736
1.0937445187501473,0.09261740673259575,0.5915278309997181,0.5003063176799435,0.6129939707008467,0.4969191322100493,0.8323930368802804,0.9271849357777782,0.343697411473653,1.0216104052398987,1.4621183671892697,0.410761682951662,1.2683156032517693,0.35912751767385054,0.42754462245409675,0.6743020929513123,1.0450482328249688,1.329919919791963,0.7340794312274576,0.3651609373035274,0.4156977415819442,0.6666143959247417,0.4858808612848687,1.1536584495496944,0.87416686838099,1.3511366960501658,0.38788739544306483,0.2546479915975456,0.8572709203134594,0.7188050742978147,1.0058086319361519,0.3586175176418204,0.27059990808724244,0.5704992933768226,1.522383484002609,0.36046275677019934,0.20135571260499763,0.865957502647304,0.2955375127965737,1.0775031756396738,1.0182039033737151,0.9225819237527231,0.415303648314257,0.537907417642269,0.26211532491007666,0.2911179924965404,0.2991443539180873,0.6696713869484605,0.2908334366616875,0.40932769456015544,0.4815593432365343,1.0194530386958458,1.4252646323861176,0.8284306943105267,0.924119022822713,0.6121278625618592,0.43363932213723533,0.7756370793222114,1.1514566538124236,1.2178435323864032,0.745677720181526,0.3510263998393865,1.0818334090982786,1.3086840976286296,1.1108212996837872,0.7509661358982513,0.5279250179123236,0.9983750809093556,1.2498513096211294,0.7459219847064841,0.7190483073543246,0.7615166397418583,0.5945800412225222,0.22235643823878945,0.9632042605410917,1.1853139539085307,0.5243466796153292,1.0619309991519974,0.4307638924973069,0.7451381650877216,1.3155998254080228,1.1016740922347013,0.8342694286067256,1.382909754525113,0.4664821409775607,1.13618554831335,0.9493895315576547,0.7816905591183947,0.6800901566785914,0.729248542381126,0.33932051300644395,0.5952581237498815,0.5512032595263273,0.8776862469789065,0.42052696408545276,0.9353313501582674,1.5069482417282463,1.213677706754867,1.2914604948239488,0.15063851606718962,0.49728667567408785,0.7018353147357549,0.06520795848134496,0.846766495817878,0.24199264354025884,0.641185238928568,0.27013645812671605,0.6991047088485931,0.5123152072061323,0.3319296796207515,0.5568610224258277,1.081564775659482,0.48130182847275294,0.5305189817819352,0.46536613825773787,0.8137380669590457,0.2858910599073529,0.5241172544369388,0.9089818281631489,0.540853798622663,0.6861453529503674,1.1553324305600279,1.2139567404881269,1.3692546012028366,0.2668642272094971,1.0292032731818586,0.9865092934683752,1.0460857465131095,1.2023115583070105,0.6618496762327191,0.8030293284963543,0.5088076423512096,0.4740182425393476,0.5949501497914844,0.973923521516952,0.6079114761620681,1.176461558055019,1.1529855705581435,0.9031800021537465,0.0,0.677744089345791,0.5401619058461544,1.0901163760790034,0.8328947484858984,1.0783736001108022,1.308288308288233,0.6382046201764666,1.0252290472728256,1.3738770566357403,1.1219342970060526,0.6672013085520876,0.30805620950004137,0.6389324841698938,0.5749484962683173,0.8760003786382233,0.40080224583723345,1.2153611320240005,0.9458204664285377,0.5651615535456248,1.3749060935303685,1.1388389575722055,1.4987674585632704,0.4782987689167126,1.4231588479557675,0.8144671312238309,0.4553484073492451,0.745140321015735,0.9535178701518844,0.8981556418407065,0.4733801475668745,0.6485166883235157,1.0711483059991245,1.0813151726014312,0.5375997183616408,0.35838207711787495,1.4191245980400995,1.0782138283959202,0.5202838959451961,0.5180523105812544,0.5568505590239875,1.032326335431172,0.9463802471106637,1.0706062956441083,0.30798634090922017,0.8098337073815376,0.5526049757994944,0.4984055328147381,1.368463865191328,0.44996425580596083,0.9250860548063894,1.0646635253426853,1.290085740741277,0.8231585044483294,0.4354136753210478,0.6842310526514445,0.6874347656587712,0.5403683723342001,0.33712610696330036,0.35518758925656685,0.2936752741944115,0.8854421123130888
0.6850317371838283,0.7244280294700037,1.2509905247374116,0.8995256393735123,0.22946041502129352,1.1287744771786747,0.7623421929857265,0.6321792615292344,0.9617873433332847,0.7218036903970797,0.9738974475891625,0.845238072909423,0.5937103610828824,0.672806559422341,0.278220605347813,1.014172943000127,0.8561270442009009,0.6523409626068669,1.0087625958568298,0.7829481370395269,0.48809808931811094,0.18766880203089414,0.3874316259412643,0.6774937172091888,0.7458948839874775,0.7115878196348866,0.34739307075098996,0.9281581015817026,0.1833485550167388,0.3874550302659785,0.8687585339396434,0.8317069851786746,0.9474519697590195,1.1201778521518602,0.9638230195094963,1.0197297076556242,0.8581402882140873,0.3100257543330137,0.94575916833582,0.7121271341466527,0.35144701102858433,0.7755767347761873,1.051698857359325,0.6586994559982352,0.7136421290903535,0.9429469590940945,0.7690960139018501,0.28554230856264884,0.40218563070412716,1.0859619451657936,0.48786566569732404,0.5179101064589674,0.872638762257877,0.644705960863191,0.38947983291851346,0.46840479826347364,0.25173577837661254,0.1283285886046345,0.7821859970882317,0.5432623656850281,0.2836871680015736,0.8274125015771326,0.6991613201099635,0.8301783808454652,0.6616845042089382,1.2369268168142253,1.1015408479306377,0.6708093501282719,0.5763316036306239,1.2830763140644845,0.6705988074662383,1.0873395758617757,0.7013478062619584,0.46863119440847917,0.5324500643247605,0.5767478694384882,0.15939450224636237,0.549490319641343,0.3723550320335913,0.7915926585962392,0.7209532699831259,0.7070860319615404,0.6808273920922537,0.7140035994158093,1.1316526899570563,0.4662136681378867,0.5089743484600028,0.5663955606489387,0.2869672539432533,0.8497154819337699,0.39842175590498324,0.5011790964627,1.1056395870993938,0.3220147476729658,0.9059233264892175,0.4525602927067264,1.0816975863818545,0.646606486875305,0.7366826552675848,0.6236192753956683,0.493881646749885,0.7916123703477913,0.7313107124357684,0.3286729283925905,0.759389839080444,0.4593314449232181,0.8440297861754452,1.0561269872946244,0.6891574935049118,0.9494477655989334,0.9227425241491738,0.7282943614001873,0.6277283963049874,1.02933915554406,1.0314641022724325,1.1860458638731526,0.6825326944010924,0.16049800160162142,0.8873656121215038,0.6052757207987052,0.5789952376663565,0.5537510514635514,0.6241393144639152,0.8459142785747505,0.698432843627163,0.35260588488339306,0.3624999637658772,0.6117093095527321,0.5872716048570076,0.9342215232049761,1.1783352262578166,1.0912739495317405,1.1240031833140005,0.6596617147401836,0.41722919521360624,1.0835341665692921,0.7283979695559645,0.5633330417648739,0.3031792493720406,0.677744089345791,0.0,1.1892953191838087,0.6331862745677134,0.2200050131025067,0.7838436741170962,0.7123321700670983,0.5905519045703175,0.3686788628785702,0.9580623627584319,0.951308478998409,0.10401491987039733,0.37114611298485956,0.8169795949702733,1.2276157681954338,0.4734932327380508,0.44558110224984127,0.6251093747247836,0.6006263175372134,1.078837415206134,0.908102623522473,0.499908164292955,0.9949219442450096,0.6104233127267132,0.8996994292341038,0.8524779498790577,0.5551759547450222,0.7792194488414397,1.4418763527285303,0.29515262238196316,1.1393219529384404,0.9836148864048596,0.6187163046153882,0.6127448203513692,1.2000532187587902,0.8634082010831832,1.0486089835016839,0.6115050863140651,1.1248478094761938,0.19681962888036644,1.0268422659826506,0.5166377838520111,0.8531857256038585,0.7568876406848274,0.7242435093785995,1.2627638892463167,0.13698535327814707,0.9184751961933687,0.73066122309375,0.2902113682048199,1.4070244590843781,0.4801399373410829,0.8956217020619714,0.38640900557298413,0.5082661963025272,0.8431778198410391,1.2542676886943098,0.9204810827339751,0.984021505033484,0.38706963821361584,0.5192059707108294,0.23189598622377502
1.4298890236694584,0.4706545071818487,0.0749350815133241,0.8346329847371452,1.0668316447174446,0.08026723176356892,1.0337211987185346,1.450663946850576,0.23293567593647224,1.3095944879848282,1.8024329184697354,0.7640416322213119,1.7609347163706621,0.822466925770383,0.9624155804874742,0.9847727434024697,1.2588640877877266,1.83098364520136,1.073483644795977,0.49350528695811147,0.9407221334781509,1.130960176715463,1.0228481486536547,1.6913846126136662,1.3667865903192107,1.8038970080669623,0.9276217188454707,0.3712498519532092,1.3725358324085357,1.1092046227300212,1.1954509820346941,0.711123599679391,0.299183095958453,0.6965106043946566,1.9062806509207082,0.400186012643375,0.3399701328760119,1.4039496708562866,0.44170163822083863,1.6048770390926073,1.5389487461722307,1.1433270633810346,0.13956220189021246,0.7658163137958092,0.5042732253884036,0.25055470600666874,0.4629982764454632,1.099993481534158,0.8276117467455,0.2790931754035408,0.8321013328348655,1.4167464525970472,1.811349340967133,1.3390648275708408,1.3514218040249335,1.1394545347572844,0.9612290669847792,1.299259042406641,1.45517264435589,1.7112797586611308,1.285489204885258,0.7057892836260671,1.4053422485090998,1.6572487386154362,1.466845827328016,0.8875802722461208,0.21622609348645314,1.307495484237436,1.7408045335985207,0.8121716202237247,1.2107147727429275,1.0551590544615221,1.0613806569441222,0.7220214277978576,1.3345199580129126,1.6244763867029415,1.0468786252670865,1.601930570391708,0.9700722652227212,0.9013426715275028,1.7372104865753357,1.4284966854144037,1.0887713933617906,1.8642864778729389,0.10014167088527035,1.6246059454908406,1.3281714587181073,1.0914715855379977,1.1099239697177112,0.8348172853933875,0.8004309404399611,1.1168954356321406,0.6803378794506919,1.3211637900628534,0.3916485612161564,1.4752894181633573,1.8011736239144174,1.625154951169824,1.6889575593192572,0.5660271047037965,1.0191040853737467,0.8470573464086516,0.4763791069482059,1.3862753401189405,0.44608963501772336,1.1705072215975691,0.5850812471067759,0.9871549490687763,0.7165535592235778,0.24451289342235985,0.8921094605421469,1.3882742651713305,0.7360697696061318,0.7487365208400601,0.6292971671561116,1.0524200369110022,0.7457250167311624,1.0471606328133731,1.04758121573351,0.8075934632005415,1.1972310875402914,1.5922661109309533,1.6393343573160954,1.7403590458327873,0.7176833911819643,1.5406984596536102,1.5193866592740968,1.4042982469474639,1.6445553734440952,0.6670524124032162,1.0420879793667015,0.1997417745775399,0.438080302552186,1.076636801790089,1.4045109815065002,0.8152445959833663,1.7114990129972039,1.5829479848457022,1.3622180561706698,0.5401619058461544,1.1892953191838087,0.0,1.453511441989529,1.3644589732093906,1.3509457864174688,1.7312383695403142,0.9160661101696687,1.5506222277650996,1.6757397898239053,1.3053333401363412,1.1555817210377903,0.8229580609865759,0.748428953031813,0.0398760109390677,1.2523058136086689,0.9340271533334372,1.640906226154326,1.2766583260819744,0.746033498615306,1.7093243045753077,1.6703914900789156,1.8465698236420385,0.9692636106728567,1.78996486431587,0.9451297080026012,0.963066072928093,0.9106406414046937,1.0258364358190089,1.3590876121623823,0.3664302469819298,0.9717400272301739,1.6082368731031849,1.4523276712209983,0.06331812547054276,0.6792666071632492,1.686150561523684,1.4486801809694048,0.1450499046834968,1.050433060287362,0.7949544660425557,1.572443581147517,1.123611373845657,1.3562844999278505,0.5172278620585309,0.9668003860514739,1.0548695386907034,0.815732429101679,1.8190981370693784,0.98863841235582,1.0131799723438086,1.4994061553286928,1.5886501796881842,1.227696597648702,0.7836211051708858,1.1048267752539531,0.7276330059357997,0.5190822661367994,0.4442594641827528,0.8953488713700752,0.6931852783886978,1.410139324575386
0.08371007429076174,1.0851310185097431,1.5272948240358764,1.4672484702856348,0.5107254913405201,1.3759459592218677,0.5158931597573667,1.2410088021470227,1.2289699911556295,0.23753593202041004,0.3730177097042932,1.3961163916501749,0.6093478731816946,1.239696635067726,0.8468241757679852,1.6066455622258444,0.4141926062612452,0.6976946617386853,1.6162908333484993,0.9603832634834126,1.0837064389276512,0.48864390744177894,1.0015982369087886,1.1919934082283299,1.375686488117355,0.4721528234987119,0.9173608239437826,1.3320110601666955,0.6301787076302671,0.37136763196165345,0.47589682434073083,1.3666731200554911,1.314040253549311,1.6376237505971507,0.45308196285912694,1.4466950997257069,1.1967922132348674,0.8655796597832905,1.3853945703203403,1.2863879742799325,0.6980153243059629,0.4335884988323342,1.32008926893547,0.6947732469204486,0.9619278833451242,1.2554422959195581,0.9938096489401116,0.43702044283035885,0.9153127890703817,1.4663675137250087,0.6321619004126265,0.12164374777786999,0.3594835398448497,1.2730249152775743,0.24741704259677294,1.100047009037222,0.8008128772668803,0.690049022585117,0.18240523834585537,0.5865563871555202,0.898489832854821,1.3606191973220705,0.12266809721187165,0.21925128877380495,0.02889223993732002,1.7894501802643,1.2846761953138455,0.19582136116928275,0.5892843455230352,1.81185896349375,1.30331662055352,1.686694510080206,1.320791057478115,0.878618548563948,0.12694528054411308,0.30947536834491723,0.7387894944604031,1.0638705126591446,0.9685237024611654,0.6418838933059052,0.3363569898262619,0.1108822898706526,0.41619327249604937,0.6220520789307045,1.4362789356878691,0.5202158396873762,0.14271128140109796,0.3682464945500033,0.4275143244074478,0.7306118953368851,0.754600559883642,1.1308020104804442,1.6199504450085416,0.31460107769819334,1.0723846413311848,1.0138312414270798,0.4513035124108778,0.22626847691898513,0.2517644838827889,0.9632154344627354,1.1094345896198432,0.6838971617846071,1.1153856758003338,0.9043054138784464,1.0237603683433072,1.0923341563074322,1.3345254704924556,1.6460289323223622,0.7452798425788238,1.2193456650624446,1.502511228352733,0.17055200681662583,0.7179946255796975,1.5680829037611066,1.5365109716198957,1.776914669459196,1.2231879612930976,0.7413483203492857,0.6046948270716519,0.6475800783653387,1.2120168306224517,0.28569286521825094,0.27368991641417806,0.2871777011128844,1.2294934050489583,0.6295814244102012,0.8136708603131024,0.04986291713540324,0.33115776714705053,0.9048734877475073,1.7680789702612938,1.2865081121992357,1.561780843077147,1.2822021319154397,0.238823652888777,1.6347144107988916,1.2538807083243675,0.256958821382781,0.3561529105846689,1.0901163760790034,0.6331862745677134,1.453511441989529,0.0,0.7643048952312469,0.26360072699783355,0.33454135928006357,0.5427751433687367,0.7422163244831637,0.3250017214796085,0.48388587926408294,0.548527858812745,0.8319314185542188,0.7730214254317098,1.4929137120431064,0.2141182244537596,1.0358727510715213,0.2751935751018978,0.18754639469838458,1.61311649108598,0.29025176444131084,0.8556435971312089,0.4086555667041776,1.2156987404028277,0.3383165167051365,0.6516512077489205,1.1588757629030886,0.6267552622451427,1.9984642500476553,0.3643707526719642,1.5510222184386582,1.5757249178573345,1.1615087567788993,0.024674870220792598,1.4894517621135115,1.38833495786432,0.41893044814521635,0.023925887556908075,1.3375444262572285,0.7992782839957243,1.5775274446153416,1.0370184375861742,0.5165980887429491,0.22994535199000776,0.9399248160541972,1.829566322010759,0.6500444786034215,1.4806917851959809,0.47701289843891104,0.8809887799013956,1.965722492858163,0.2488459957430141,0.26556707544724434,0.27816584429894375,0.6825527044793064,1.4632750339098524,1.7648942391841644,0.9918079169616092,1.4270257505572188,0.9487570644912144,0.8077019675610673,0.7039870133289983
0.8301257487768301,0.8939167235095928,1.4213799842098571,0.9452197908421884,0.4467497280653333,1.3097284646159557,0.973075869185788,0.4800692490607755,1.1438941617576803,0.8968460956744918,1.0621749517935652,0.9092358352533335,0.5179436969703811,0.7354938572714019,0.4055012753474676,1.0276181685120012,1.046428249441687,0.5496433417303395,1.0017256293785948,0.9884312892135473,0.5391029256571938,0.3963125301090808,0.4247010070702232,0.4644190212610516,0.6381099984477534,0.7011274384493426,0.45507540948832276,1.070293985562408,0.13651078937519043,0.5903223941245671,1.0670039620011365,0.9091849916738378,1.1022160337932352,1.1951940240590395,1.0110497351392247,1.1478175394970205,1.0262671813381448,0.10305398751586602,1.0718164702964526,0.5255685094535895,0.20814578811046214,0.9766182194076752,1.2302094520152242,0.8783072605093885,0.910987167162642,1.1144312126428082,0.9679100552552878,0.4939842175332198,0.5424175152279107,1.22980036003132,0.7069961054409599,0.6427663258169848,0.9297442286765223,0.5345270010742841,0.5194698850698135,0.43348962733843793,0.4032678918237479,0.09444180160600965,0.9326427945032915,0.472230677932391,0.16764647608166122,0.9064859736753803,0.8520745469947473,0.9329945331612415,0.7930952283996081,1.2817603353014657,1.2960452083082372,0.8428252035430225,0.5070171760360448,1.3445229308482265,0.6077432857384673,1.089145407044658,0.6882527205752892,0.6457757299839819,0.6866591561283931,0.6164966255906806,0.3212261043793972,0.3340837522192741,0.443522450296343,1.0095055882099355,0.7579374421288327,0.8552004977411808,0.8859164880074876,0.6497521138635658,1.2980557543834716,0.42323205453353063,0.6627393533628833,0.7703730763722533,0.4933754782985169,1.0692394236637055,0.5990696802446606,0.47423048993367534,1.1833199975536823,0.45563442574097884,1.1087315929510428,0.25370222413929916,1.192970496313155,0.7135180226755523,0.8032151672816703,0.8065584085905315,0.5101390361924636,1.0109604160433336,0.8926882324552561,0.14017796493238102,0.9512296834308565,0.4101323463225054,0.9499010914983322,1.0709634968950092,0.9077707976744708,1.1314142174865183,0.9550015982969704,0.8880747195461084,0.8459994160344673,1.0931005485207268,1.11831977015929,1.1951721673341704,0.7671595322544018,0.3204873898565519,1.0985943133195177,0.8251873370079371,0.5174607226581341,0.6034650198828688,0.675434721500806,0.9234386266399213,0.7889124445957817,0.2537978308700847,0.15525194100911485,0.7546729763674818,0.6189712269900881,1.1531399894059278,1.1890213433047618,1.283896250700409,1.2427956034439924,0.6420503386087155,0.5271283900863997,1.135086573665918,0.519095355567971,0.6225426567893646,0.4081619251233198,0.8328947484858984,0.2200050131025067,1.3644589732093906,0.7643048952312469,0.0,0.9557364208814384,0.7489577534221515,0.8087790656034064,0.20017717466026663,1.0798187404039992,1.1405628493446724,0.31542455090850907,0.5435352574105842,1.0368918347584535,1.4014317813412498,0.6458285987526602,0.5104930890392025,0.6759151208604609,0.7744697528116018,1.1437627384542792,1.011001600866545,0.30617832416738483,1.0737570322583376,0.6319815832524391,0.9733508010753197,1.0688514387068981,0.5852588965794836,0.9968039775755395,1.477575872450428,0.3999341595451423,1.26889389161315,0.9988235416523057,0.41376556435671824,0.7409951218208001,1.3684548686131903,0.9461393383527286,1.1821931777183996,0.7407515873726438,1.3132177232357565,0.3149675684907009,1.08125521910684,0.3019374123896365,1.0579920772678006,0.9257097033025125,0.9265900283590678,1.2943773525224909,0.34557742721058515,0.9682676858948652,0.7209635572313706,0.38980363438436744,1.44180583175043,0.5567448572289756,1.029367209346228,0.5617053449727721,0.725203613973723,0.8201458417626111,1.328847199341871,1.13373386182727,1.106583437583291,0.49397029192379555,0.7217113318163739,0.08294432973023357
0.1816707237992363,1.051136243795512,1.4258793731154458,1.5150755874613853,0.5983629385749599,1.2709479564709685,0.32835421985237156,1.4147650162300647,1.1422750644852837,0.06369922598319498,0.47374543755431014,1.4353637934854417,0.8714158367353974,1.2968636534521394,0.9360414975433421,1.669813806013375,0.15705856813104538,0.9602525314125974,1.6939799458752762,0.8652018786367359,1.1695823285890419,0.6058811843560539,1.1074150190421304,1.4067320548698554,1.524385144258027,0.7305504764917305,0.9995437317824656,1.2970198550656327,0.8306367928327083,0.42164815403166583,0.2277195623529087,1.397375727602203,1.2633683678094785,1.6467173262927526,0.6284748863531134,1.4159492042926998,1.142778262006065,1.058780961760107,1.3641429700400953,1.4806368269660541,0.9276854776708006,0.2214734941249908,1.2272388264424103,0.590717243860875,0.89561293550189,1.1855642641713988,0.9135031600852108,0.5212966462937045,0.9693864716476452,1.4128073666207606,0.596833972542147,0.3570264469533245,0.5517461103352456,1.425392378250227,0.44984627639754193,1.2270645235100093,0.8871272984551224,0.8701227483659696,0.12406968819293249,0.846358899652099,1.0658732714497023,1.3905625697582276,0.14113603856829215,0.3559865364016732,0.24805440110721058,1.816636374746054,1.1604357034766268,0.11338597209747504,0.8509628874284618,1.8226126895308847,1.4308425022502522,1.7543864144190398,1.4199602363360158,0.8928248955216622,0.2756160164573975,0.5730619590520298,0.8483204256267277,1.2759819240624264,1.062253619238127,0.4666821331316961,0.5844324692614858,0.15726085570763126,0.2627231160838162,0.8849802370459982,1.3513054770125463,0.7751771215385418,0.29846151616520566,0.2975764164987288,0.5153018971177212,0.550714441334238,0.7714893741810319,1.2517320701928973,1.6277989772846615,0.5052766316033902,0.9594756056301147,1.2094378232231444,0.4502843774444996,0.4833742297448196,0.48462630466606316,0.9348777064667452,1.2113939743603765,0.5180101811147853,1.0885587065090894,1.0915686998947682,0.9560416175480556,1.2259522140300543,1.341958004759683,1.7059153648800212,0.6375696087839671,1.13453610795203,1.5581142699013646,0.09338687283424585,0.6319090278786704,1.592768982026513,1.5421720586629133,1.8346369154690858,1.2649972880078035,0.8510933913203418,0.3793373536780553,0.5602182762147244,1.3434989173940797,0.5490324706567459,0.5347545897289924,0.4641042341563626,1.265376274146875,0.8644560572896919,1.0316154820877241,0.23705713794311975,0.5946421573542021,0.7351246247551817,1.8249748777995929,1.1668174331144296,1.5307985592643991,1.386690293282872,0.4654901125154401,1.665359533350556,1.466286165017974,0.5204941423901808,0.5640632265200101,1.0783736001108022,0.7838436741170962,1.3509457864174688,0.26360072699783355,0.9557364208814384,0.0,0.584363996884475,0.4510780354814392,0.9706523249470373,0.326386917383013,0.2203147747228403,0.6839168326157115,0.8753828520168556,0.6168353372970504,1.388731569401624,0.31166895739134315,1.1208602763486342,0.5361843829127255,0.1832919905118205,1.6333999271296062,0.38169839733959127,1.093623378004973,0.5227287622310408,1.3031891401352689,0.4981479351969543,0.45185951255029405,1.2474221396385416,0.4539411190112179,2.0238116659456926,0.5710231217052315,1.5078555564907326,1.6393886760971208,1.3666973054341585,0.2850319032246278,1.395290403403934,1.4120403210716357,0.34342790499617404,0.2823757972519856,1.221291288274927,0.9120456879501605,1.6096940199614924,1.2467194380980329,0.2844173101727027,0.034201903742348674,0.8633046956476759,1.8662020694739427,0.7559192920954766,1.524144512110481,0.7335503316247797,0.9785579611523592,1.9932943492012851,0.5030919456085808,0.24006415301496295,0.39831180988696635,0.6434746138137097,1.5597499983901033,1.7658077336651548,0.8504590402764791,1.4051366740337297,1.023351445538916,0.7847041666371953,0.9086524903151513
0.4062242667914381,1.322251352087312,1.8030126213624351,1.609576874688158,0.695358866572989,1.6566765573151339,0.8483115542895093,1.2163883054295557,1.5005520177124474,0.5692903192116794,0.35835839464097025,1.5506751918527841,0.37188221056143167,1.3811722943009936,0.9792136135563743,1.7263087880283188,0.7405258135107785,0.44467881690922006,1.717830958784338,1.245400405596052,1.2002537721717481,0.6453995292543394,1.098742078402702,1.0865415949158328,1.3865899867839975,0.15597043315634707,1.0513794883064922,1.5608571956797337,0.6187152313090404,0.6221321957356258,0.8065092689449703,1.5315915779786826,1.556420696707241,1.8162721621758233,0.2622266685826785,1.6684857265440731,1.4454661298475489,0.8336942626141908,1.600527033946325,1.220292708792474,0.5997207990025237,0.7681201617922063,1.5937530941767526,0.9955349615794145,1.228444228933916,1.5143250958286272,1.2683543121358043,0.6422722865086425,1.0811419518721246,1.7070631097467495,0.899252934875256,0.31973310482542366,0.1886196897922786,1.283241041809136,0.3855563539187911,1.1602185461691603,0.9416303361761,0.7086737487531571,0.47372069557246954,0.3750264223609905,0.9119680540871897,1.5265806107002355,0.4471481953797891,0.2967133368342169,0.3409529388502792,1.9451323870417299,1.5790364464463589,0.5303055999195925,0.35924763996295983,1.9845434754898599,1.3503486646635203,1.7984041506361177,1.40653360077323,1.086548196068494,0.4176323292333902,0.13619875878149895,0.8587465243328161,0.97259565374333,1.0839933992786783,0.9698849728603876,0.008980384557907591,0.4279399105683637,0.7460762172520674,0.32803356275112083,1.7019462029377412,0.35688896387603997,0.41624018475655766,0.6815314058211278,0.6318663976116877,1.0582911691292305,0.9707490137822352,1.1976104428260756,1.8003416306479916,0.43143640520779525,1.36451148905149,0.9626495562671898,0.5249839119982601,0.11214315319405589,0.11210236344801217,1.2017262989730013,1.203680422140625,1.0086221311810046,1.3453042946998743,0.8801956812219565,1.2887152418375016,1.1433120996848332,1.5244342183416986,1.7683747322509442,1.0454512760217907,1.4898785452879217,1.6346435612489294,0.4926577452941078,1.0084949513314683,1.7324457315942463,1.7214582466686439,1.8981086082929353,1.3825275650608824,0.8606835687987392,0.9392138344698783,0.9428854463921741,1.2582922610498677,0.1591358819760566,0.09433190379357334,0.21926953135109667,1.3948679138644737,0.5271375253092377,0.7314627250116648,0.3791817290872475,0.1301408154484191,1.2269215549558332,1.890490302561497,1.5781297348724779,1.7807903755419154,1.3627911027781738,0.3345521415144179,1.790696313777931,1.1505673882529233,0.15578076087926032,0.41777389691946637,1.308288308288233,0.7123321700670983,1.7312383695403142,0.33454135928006357,0.7489577534221515,0.584363996884475,0.0,0.8471754363642887,0.6408879962455173,0.46140150134863506,0.7990777394998528,0.6676127473661558,1.0160055075939267,1.0926786064326517,1.7710851198764552,0.48793028140372297,1.156898549996879,0.092929546477783,0.5153387587509396,1.7808215382525905,0.3521525466936838,0.7116070449725058,0.3513921509464441,1.322077188860664,0.25251309965062513,0.9842417088305435,1.2672407654690794,0.9544873483731855,2.151609539092942,0.42462797959851895,1.7809898690401524,1.6958089867178099,1.0794361006997488,0.3213336183014547,1.7607161790518044,1.559777480549902,0.5809579150780217,0.32504120611846415,1.6261729423508045,0.9072750012758007,1.7335485402952084,0.9532871809107977,0.8505022030370976,0.5531613256196785,1.2141935442591236,1.9738240717680489,0.7878230581000542,1.6274568648540746,0.1536939487814922,0.999628375110863,2.1170728941830164,0.24450056133760076,0.46585926485883794,0.5035760056491357,0.9476355401659062,1.5462116502462904,1.948729062576003,1.3006637298674437,1.6414665670281974,1.0889888110364319,1.0517740636395732,0.6694626294106372
0.5139517861437181,0.6029375311040394,0.9905496738732399,1.104393412093847,0.36203626933121474,0.8373348472694356,0.21039525397369813,1.1811197212089113,0.698126238561236,0.4012010062325337,0.8865975485656106,1.0196074483160391,0.9816455592878943,0.9013566450581874,0.6082128979472946,1.2690656917822731,0.40738786534187477,1.0671691992764323,1.3067111189221432,0.42317844328210863,0.8136107714946618,0.4171037352246394,0.7839233358374667,1.2675073354598108,1.238551072626768,0.9490130092621265,0.6538587080870892,0.8471134353596081,0.7285153335604583,0.2617089560082175,0.3744059520027833,0.976022753268348,0.8122905201171916,1.2086842742523343,0.9952762281769115,0.9663258846022763,0.6917045354583354,0.9003864047346595,0.916877243910563,1.2860377419180835,0.8828326842200886,0.2859517937967751,0.7863710928823588,0.1520722435223051,0.44477132898176525,0.7363332015057482,0.4655187964780333,0.3263028005351496,0.5911119516489146,0.961902108602613,0.17141842214971317,0.5277511924109262,0.9022567224777136,1.151383412113507,0.5029038257931424,0.9251668917414051,0.562445700975806,0.714641650072652,0.5434981549197487,0.9389320367777372,0.852109818686981,0.9688114114504691,0.4895048392961076,0.7413711431748932,0.5536076134602853,1.3866544314544178,0.7419715918656089,0.39270650579994515,0.9594119376206458,1.3839554221262704,1.1162545573687759,1.3560703984376814,1.0665355647196042,0.47917991036027335,0.4321134793443506,0.7634466487371399,0.5670553390076495,1.1400278609666763,0.7258949617239783,0.2010973954459278,0.8517279331340429,0.5125390163968069,0.1964326262471151,1.0520422758073795,0.9074041343144328,0.8496939299998719,0.4311286493305636,0.17583688581199478,0.33061883892220717,0.2645204635461728,0.373724491106059,0.9385475278626517,1.1893476492975752,0.5031445618509414,0.5304406515328557,1.0392463543005321,0.8967756874267127,0.7359775826417128,0.7877942095247324,0.49034206878888437,0.8737672899181952,0.20542590023253318,0.6420531870764499,0.9157379497547349,0.5055582900084515,0.9346908798720127,0.9067945115022927,1.3015049561341738,0.20254663989754224,0.6895741784599564,1.1530848408757355,0.4749534508317905,0.1827555402997482,1.163897243724486,1.1035130723167033,1.4261591324331289,0.8563713270329135,0.5696150280561939,0.32049903393778284,0.11025697723394116,1.0401824235515849,0.7308502461112997,0.7619990447201425,0.8274405910692375,0.8516785458571579,0.8463801169334793,0.9379199768759517,0.4929746099612711,0.7859620219492471,0.3937658144303642,1.4159615847463918,0.7441838630318525,1.080814965986154,1.0418041974929775,0.5532402104777274,1.2392810976980482,1.3168417955575737,0.7140078300010613,0.5646268431436781,0.6382046201764666,0.5905519045703175,0.9160661101696687,0.5427751433687367,0.8087790656034064,0.4510780354814392,0.8471754363642887,0.0,0.9154436127183907,0.7671625790698134,0.48817888785731567,0.4939678953345175,0.4947463110995044,0.25914646488515825,0.9550025330978992,0.35996102661659446,0.7674442119891799,0.7636509944874584,0.3612363875623835,1.2013830947225412,0.7937041608897495,1.0533117137138996,0.9305093979367024,0.9409736642487444,0.8756953037881071,0.2648145719655302,0.8896979057913641,0.18911089355553992,1.59103829850738,0.5658547011923926,1.0568268702814032,1.2397590730246684,1.2057840894417342,0.5446811121633442,0.95579046512725,0.9855003749901716,0.7944438130371538,0.5409048765851323,0.7958494151695519,0.6242082115014341,1.1854249388043037,1.1071433542555034,0.32456028377937846,0.4497791645440708,0.4139410100890127,1.4416095147743424,0.49068265662064514,1.1097122198570888,0.960628764808374,0.6572517426682227,1.561982997867018,0.6431571818391162,0.6803180664638783,0.3694732498694713,0.20727570190477335,1.1973378766065361,1.3233673668422878,0.4535188138653481,0.9574564114354178,0.6651411612538574,0.3487017651121368,0.8006052074080767
0.8189155377545556,1.0815407469410754,1.6097977371868466,1.1404855748250597,0.5643700311468468,1.4927908128272132,1.051925178824769,0.586664298458985,1.326054292249447,0.9182485563314585,0.9835839273212592,1.1074287086905945,0.3438759713620396,0.93428282257887,0.5999445963691262,1.2144735538283158,1.0845991045124126,0.3593833037338145,1.182018113168277,1.1511383549600367,0.7380462542703236,0.501644162333925,0.6236500913422226,0.4552720103887904,0.7737878936652819,0.5595154075648943,0.6532525992552696,1.2665890562456252,0.19191017960331602,0.6688328861195068,1.117926322983592,1.1086528046189974,1.2955409809291571,1.3938577093860585,0.8991498365721589,1.3464924771554516,1.2148619596055996,0.22913108121829506,1.270611590316802,0.5794047126602396,0.04441389251681213,1.0349788384741714,1.414485404986952,1.0080086449397092,1.0820551118501134,1.3018465217919812,1.1376959721789868,0.5891638605143156,0.7364206867343818,1.4260630243963066,0.842392554575792,0.6242869891963687,0.8290487510680259,0.674494467321877,0.5211211349109093,0.6179889808926003,0.5920343183697794,0.25136531788074473,0.9224064745709255,0.3052931629448223,0.35027627228378894,1.1060684016353877,0.8484763033861583,0.8731022821668633,0.7694157845947497,1.4752353862410161,1.4697876825322203,0.8627417372372483,0.338039594003222,1.5410010955342495,0.7728392048302222,1.271661346328716,0.8715229854296457,0.8287628574681569,0.6951396355749142,0.5220948888471781,0.5039115466839448,0.33386675894547113,0.6436950795353333,1.1107683279042546,0.6495789451364206,0.8459969459814392,0.9547055745630627,0.47533160797588075,1.4879088814739125,0.2857329876193557,0.6726961649557957,0.8411946956202634,0.5852078382864572,1.1799617047147675,0.7668669106665543,0.659438339105731,1.3822758035761673,0.47159446758550866,1.2744646974409821,0.32823139762725484,1.1321062858505593,0.6339392061398912,0.7170588468113792,0.9874034147692019,0.7048375535092322,1.1208691719953212,1.0833208608591591,0.2759240013460252,1.1267415707597017,0.5910190512041664,1.1499599317993414,1.257861805373976,1.0435155632191044,1.31363309484842,1.1474358862515812,0.8907438260865,0.9838599665874914,1.2906326014325356,1.3180721153425408,1.379276951588929,0.9672255719208361,0.5037282013981359,1.1761175668445851,0.9517731919395601,0.6873221175798117,0.5191550535883486,0.5853493750917388,0.8406453770960667,0.9890745826651847,0.11701430259707965,0.09369316470076594,0.7457981095702463,0.5174328386875716,1.2854054982345433,1.3736867890994693,1.4591594545264492,1.4424497566266652,0.8249018892775462,0.5082927729722123,1.3305006500350398,0.5187230988067905,0.5445213590550729,0.4083402414711685,1.0252290472728256,0.3686788628785702,1.5506222277650996,0.7422163244831637,0.20017717466026663,0.9706523249470373,0.6408879962455173,0.9154436127183907,0.0,1.0328853973017558,1.1746688668583887,0.43598734725465754,0.7276984287337042,1.160945320151732,1.5882868759822173,0.6785226023395644,0.7104543717401051,0.5853640819266254,0.8002995286607129,1.3413061226992187,0.9479117693325979,0.13789510601413077,0.9863222579094822,0.8255593374778428,0.8850054266911878,1.1626576663979982,0.7810793228826914,1.0967538435683,1.6681006928586373,0.4020810400076106,1.4675468164431547,1.1864623394672698,0.43945774359842676,0.7175935858860489,1.5576279594831541,1.1458766791168982,1.1445442239540933,0.7183927069019996,1.491646717974134,0.5083092248388349,1.277392176885616,0.3127914762488483,1.121638302372185,0.9378597434533315,1.0928921241477854,1.4845966137117232,0.5055557755454788,1.1641341320419134,0.5787380655420574,0.5879613129625274,1.6322234573978767,0.5024990604774562,0.9967535991966994,0.6056358918195547,0.8688737186494225,0.9970841032000577,1.5272228600147633,1.2839617123497877,1.3057902255991125,0.6926177552149672,0.8878841544701076,0.14048645377627603
0.2875533792215161,1.3561398552848343,1.7506469660854855,1.778935219050395,0.8262847902626042,1.595901203422056,0.6536112366467102,1.5591797859208714,1.4639181500319498,0.36682108313035594,0.1763409824511363,1.7045815275849752,0.8251555335337724,1.5534596754540584,1.166664721963349,1.9233071404993087,0.45125142101534366,0.9034717619908282,1.9364307003863086,1.1872814569298404,1.4040582635701118,0.8104367607234259,1.324935737079568,1.4880036065035755,1.6990874354549228,0.6152532121622406,1.236096482141319,1.6038560900661176,0.9438578320804257,0.6690221628187343,0.5264234556488668,1.6717952014859823,1.5757371833621259,1.9345093416802739,0.3701618023891856,1.7216246182662627,1.4556611764782632,1.1790978993096919,1.66561905620764,1.5956007698218604,0.9885892823765706,0.5447932250181282,1.5503168994618237,0.9123170319000573,1.2107307227355648,1.5033922444095025,1.2325836337981206,0.7497884527064205,1.2261363815044057,1.7267186255549474,0.896562793990659,0.4419308471074156,0.3306009173893198,1.5960914660444228,0.5703945610880301,1.4250326220643164,1.1196937651020886,1.0102558618414725,0.224444794523157,0.8185701697062426,1.2201469104617613,1.665416160526893,0.2927612919958169,0.16743612424736773,0.2967615626945772,2.0945799945912587,1.4867198124389744,0.37792164070349066,0.809579194704706,2.110014871750426,1.6283126480376784,2.0046963186569657,1.6440081247389144,1.1733210789332145,0.43796585042767433,0.5285015403573647,1.0615622393670248,1.3635273747317727,1.2898942440063774,0.7919017984945455,0.456459618776877,0.2745136029653216,0.5870537783940103,0.7888491072356306,1.6732367832510804,0.7751559350142503,0.45892746527844985,0.5992930012941974,0.7410536527342936,0.874264032609589,1.0489236444613037,1.4556373010152888,1.9161977118370366,0.6380530631750381,1.2846516969291328,1.3245927082822362,0.13330714258295456,0.41143910582438686,0.35124597163291443,1.2365927555105183,1.4325666164099173,0.843844963002774,1.3908800836531856,1.2199367208663587,1.2720211185257935,1.4172925878644969,1.6294347883246725,1.9618884575534907,0.9603545256441568,1.4557561112025152,1.8167515929266473,0.29422397283426593,0.9498343090188266,1.8715561500683768,1.831433747480171,2.0924545085840838,1.5318034677955987,1.0641659558068584,0.688498240781144,0.8773994032938676,1.5369749689941212,0.5214716599165534,0.4678679278199604,0.253145406432089,1.5359622927770809,0.9163582997595304,1.1125815604315048,0.35225806266302045,0.5417851847341746,1.0590426504190655,2.08336420954175,1.4929051054710907,1.8369975760452217,1.605987418156321,0.5535857376357457,1.9407765708580613,1.5511956811409642,0.4932825010075679,0.6738087178137826,1.3738770566357403,0.9580623627584319,1.6757397898239053,0.3250017214796085,1.0798187404039992,0.326386917383013,0.46140150134863506,0.7671625790698134,1.0328853973017558,0.0,0.45931056026045136,0.8730524757887511,1.1382337568649652,0.9429590887995646,1.7137761111674383,0.5180424188407792,1.3558413900862905,0.4684989041597041,0.4282576764291417,1.9148991902248238,0.11511965337068097,1.1312672970874478,0.22564699324494075,1.5368166749627226,0.2525075061139505,0.7716006620326196,1.4800142417746243,0.7795471062065655,2.303334742848957,0.6822301031291598,1.8185781546449864,1.892443267658606,1.4651147556596698,0.3454127932074465,1.7189738866797992,1.6907214585794264,0.11961878067238826,0.3465756246928235,1.5472226447368034,1.122769469098721,1.8839991226235242,1.338826350217888,0.5942141588587209,0.3195001723436129,1.1810830577838025,2.1383921293481123,0.9716132550684793,1.7909509198091333,0.6092804973320647,1.2026279760099563,2.2714126550460536,0.5319639300037212,0.08712465370133148,0.5949599098121711,0.945733868793762,1.7863730227904064,2.0582486729467395,1.1768058923394136,1.7070691809214047,1.2658453482130922,1.0823975404357955,1.0141159297817672
0.4014807204618321,1.0775411538767148,1.3794075741988343,1.5923368889671694,0.7421775471240196,1.2253605448689633,0.2913371747072921,1.5822365644746945,1.1182618787913965,0.2596873575192137,0.631397943974891,1.5077701286312892,1.0913249188062997,1.386245015231208,1.0600963998641004,1.75594311807988,0.09526595820817581,1.1803099897043905,1.7906674788090384,0.8474826121865545,1.2831859317951726,0.7652253658039972,1.2364563498286674,1.5997275686201329,1.6740239074931087,0.9480753470197115,1.116312012371428,1.3132715852934982,1.0226483782300486,0.5668312167423292,0.11670874001242583,1.4640849367738482,1.2672353600213353,1.6909310044533128,0.8100958754387393,1.4324192956923687,1.148079466495044,1.2428293115155942,1.3899687451376657,1.6604570372811371,1.1327132530601758,0.20319829794843347,1.1944406791451025,0.5911297328674481,0.9024982590285079,1.175196760022566,0.9065914424023133,0.6709002323796573,1.0678979952634202,1.4097908687856133,0.657535918971884,0.5736666180653096,0.7446426417614708,1.5788033964519685,0.6549232994602994,1.3671826710636759,1.0114564119505012,1.0506966940359692,0.32604839372475664,1.0654368515342763,1.2348227328156482,1.4568514710348943,0.3613019573028788,0.5448938401660667,0.4675640515060243,1.8724833164999708,1.0999405265769542,0.31449723631097115,1.070742193134114,1.8651816124048723,1.567455117964862,1.842643938087299,1.5369997986192359,0.9660876993663654,0.48353103119001606,0.7933059380995804,0.9891767654391476,1.4683983505984721,1.1845854800406628,0.4074802893312892,0.7984791632560776,0.37614487353714987,0.30174558039508964,1.1047006562077186,1.3219526472308623,0.9924956572744917,0.5044709181506304,0.39839295058127044,0.6674372359682165,0.4709179786507223,0.8547945974604501,1.3872560737928128,1.6713662812664993,0.7036724926046364,0.9189167574557535,1.3928266703305516,0.5516951331383473,0.7014224499386821,0.6951031583106613,0.9720076612587897,1.3349932023987494,0.46129743971757475,1.1192899740759206,1.2717073101807157,0.9580555562079578,1.3704417828046291,1.3917990802194757,1.7889680066390132,0.6282525228603829,1.112565940340895,1.6404598344378234,0.31343224355003974,0.6441524820786783,1.6504732483061366,1.5857072831698211,1.9141279654732894,1.3437632981721,0.9919562592250524,0.26001036389394483,0.5811369850760223,1.4842951481029238,0.7693395663934237,0.7539226484306427,0.6561300911117912,1.3396308250977635,1.0725516968044149,1.2295955122612423,0.45614136718800585,0.8147985725651423,0.6484233631568471,1.9039635332781781,1.110557753171766,1.5442990822297473,1.5081316963995766,0.676984881138108,1.7264174920785103,1.6574752637667858,0.7408055790197969,0.7663454975373623,1.1219342970060526,0.951308478998409,1.3053333401363412,0.48388587926408294,1.1405628493446724,0.2203147747228403,0.7990777394998528,0.48817888785731567,1.1746688668583887,0.45931056026045136,0.0,0.8478341721356717,0.9710953261384324,0.5577459993633107,1.3406048483194586,0.4986616741674256,1.2353152083766183,0.7553216732342587,0.3743709471633574,1.686834190116223,0.5484525339981785,1.301649919422834,0.6816746453097671,1.4144300526554379,0.6807149192175023,0.3605203322485394,1.3607811083502748,0.4006025170994518,2.0753695623641035,0.7726016973224675,1.5114930553404675,1.726397042771222,1.5542372239034548,0.5053155031864315,1.3563175551571443,1.472928167213743,0.4160424285492321,0.5026266268410169,1.166520322497923,1.0522166104101296,1.6729646593915095,1.4379844407659104,0.18396594895966106,0.2542064648105472,0.8630188778301473,1.9288114757616652,0.8992138919631567,1.597863335993915,0.9501895245251031,1.1064125685216213,2.0470127054024223,0.7213567186969754,0.38904141044855023,0.5795505875130864,0.6954501240761352,1.6723731416783536,1.8012786294530794,0.7872897029680663,1.4293223977078475,1.133994704592415,0.8363114979557754,1.101336469697556
0.5942018282616505,0.7015445454207714,1.2205620165118878,0.9452937708406403,0.13240700606619552,1.0907731301050707,0.6599581861773487,0.734790268650341,0.9244141343456059,0.6213501781245874,0.9016802063800506,0.8837288718424194,0.6065694641054804,0.7160961949185798,0.3134557241503974,1.0715480524522807,0.7526107945336163,0.6754319220186096,1.0738515327699607,0.7235865265099792,0.543724255705278,0.08370205541663901,0.454471499446089,0.7777933012250376,0.8415714477265015,0.6888907018101209,0.38593771374091385,0.9215173985330006,0.24411501903703758,0.2834401414844027,0.7647453954312238,0.8639795060025267,0.9317923220402617,1.1491659937474443,0.9090526396703267,1.020760212731636,0.8337970228927178,0.4104831665927185,0.9491291837437859,0.8161143911305733,0.4105296972938554,0.6715924025758748,1.016453387291542,0.5735300918290407,0.6648511027479995,0.9146942670209544,0.717818246064456,0.1818500400878419,0.41543290968916535,1.076060709001779,0.40646587920131133,0.4387763648068239,0.8150180736034652,0.7417615022713027,0.3135787904855621,0.5532962717798525,0.27411782694914455,0.22103097973629757,0.6885596702852751,0.556529108837755,0.3869981004010305,0.8589815575870116,0.6054255908591926,0.7538567549418012,0.5764128196324245,1.2788146149908128,1.051420877871681,0.5713864270187261,0.5870230466840365,1.3169386563399186,0.7574466323011321,1.1483198251876416,0.7733717011630322,0.4477322722117867,0.44043462746876394,0.5355877019865433,0.19573173046018102,0.6485937244126052,0.4268359620304626,0.6943654455210805,0.6758157907916487,0.6149302005931352,0.5771140827762616,0.7166527545394946,1.1052714708194575,0.47163807445833783,0.41758668426921774,0.46250298824045993,0.18301048186727176,0.7559751488438271,0.3551829986706163,0.5828216375559655,1.1334782433464738,0.24927134405607368,0.8485493903161894,0.5553206380736052,0.9996021896932358,0.5899173133824533,0.6776708876918252,0.5914468749563051,0.5624639838084118,0.6973459555880881,0.7146974184855239,0.43162226112258983,0.715647863035367,0.5479552164656644,0.8610822045391662,1.1124537204723701,0.6078151752066113,0.9123395529468485,0.9738457173400243,0.6320797178947312,0.5479087180163482,1.0649168592096958,1.055603746485092,1.2432614268439688,0.7149381753172324,0.19801906174260367,0.7852289105121592,0.5181534962347372,0.6672527861244139,0.5088868260436723,0.5755145419454503,0.7799115975626338,0.7273551054782712,0.3940294897362887,0.44634845419099606,0.5227050366314537,0.5494838384154984,0.8507691544823133,1.235014129230013,1.0430613797143147,1.1293371394301979,0.7340635723461482,0.35005831802953385,1.124050853063166,0.8299621005568502,0.5134422482205557,0.2498506643073682,0.6672013085520876,0.10401491987039733,1.1555817210377903,0.548527858812745,0.31542455090850907,0.6839168326157115,0.6676127473661558,0.4939678953345175,0.43598734725465754,0.8730524757887511,0.8478341721356717,0.0,0.36106702573333327,0.7290065416360179,1.1946824067420427,0.3757487811092318,0.49760976597073275,0.5766788782384801,0.5011439511222184,1.1132166553362879,0.8307677127055915,0.5724200316189567,0.9263221522660341,0.6727330517016714,0.8345058593313733,0.7534323448798195,0.616187564000353,0.6815376276629703,1.4861266163006177,0.24314181094648235,1.1379738248499074,1.040695893928956,0.7210548963391621,0.5296667296546476,1.1715496074467413,0.8924136760584535,0.9588493547054672,0.5280375726692842,1.080360864521901,0.25259231239365965,1.0667888924682698,0.6160253885264477,0.7495187225237797,0.6578742105430038,0.6695226518286667,1.310152934591656,0.1208008442335867,0.962120868907427,0.7069883764438867,0.3396452767288177,1.4519162074373677,0.4260297047270595,0.8068116918862872,0.2891095485595037,0.4335359363598966,0.9159013217434503,1.2820555700351401,0.849009237686303,0.9889325178895719,0.4224308098486837,0.4685937765894409,0.30991620272324577
0.8510504929632616,0.3544109150760024,0.882421490270647,0.6420544990394403,0.32679868638740023,0.7664440397917816,0.7050474747888493,0.7521790040942317,0.6003857554885835,0.8133132703922752,1.2038787500104466,0.5663482664157377,0.9602671527079701,0.4214894683045212,0.16101200245996455,0.7944385226326112,0.882140678358828,1.0225030059033837,0.8216258315775224,0.4704229492257371,0.3198291647553206,0.3706600601847529,0.3095557930259013,0.9214640090776852,0.7672085848448379,1.0487488827602534,0.17296407508578837,0.5612972123558232,0.5527082548600563,0.4693228823538978,0.8625140852403164,0.5348617919374464,0.5766241173734133,0.8083976657985165,1.2428721999510126,0.6597567768946062,0.48807974935715337,0.593567254027172,0.5885623982686143,0.8843740546954915,0.7170117871769415,0.7687509848580915,0.6873666633155485,0.4690833239680058,0.3788230004643005,0.5743076591665621,0.4365336995023283,0.3955839238647318,0.09687904962349839,0.7173439415028712,0.3255419038435277,0.7455370119155694,1.1463761605746836,0.6914708157868961,0.6379218952549695,0.4573438064351222,0.1426654068054995,0.476355671373513,0.924752072723337,0.9097989356726632,0.48953815892889535,0.5287442096643433,0.8473120075950534,1.0504781358283295,0.855863437119737,0.9578158782916009,0.7560612709492595,0.7784314996399732,0.9417979724525144,0.9813186900125909,0.632423470235986,0.8792420278140236,0.5718952286619344,0.10231823931222708,0.7067844535022618,0.8886077721130239,0.22395071913654038,0.813129173874893,0.24587173772175405,0.6661681334829443,1.023731878207058,0.8640490392091807,0.6693552934646452,1.0752335585444053,0.7616087679787242,0.8282582031491363,0.68925806300013,0.5845047559645669,0.40543926344046666,0.6881967954151929,0.12301205607549778,0.4616544425853748,0.7913249634422864,0.584989591863799,0.5811808197996987,0.6903339459435168,1.2709854467951731,0.9275814043757785,1.0100040818678933,0.2635014732199976,0.38527319291703305,0.6409384314717569,0.36018242473076567,0.5842020302247038,0.4117777050200292,0.4749099698537828,0.5098314935158773,0.8306492839874045,0.47353897382545307,0.5879091149404441,0.6831511539441489,0.8572401813908869,0.4158694171638874,0.736151613885634,0.7096645760519723,0.9597808658324611,0.3936397243964722,0.22428649487481644,0.8114666924992123,0.4384940121537021,0.5651139479064783,0.8598413763857549,0.9220668067573528,1.0983028561563366,0.3980866450336305,0.7236091498382116,0.6987871312734394,0.7929491247455536,0.9043270172515943,0.701771545889024,0.9502456473295567,0.7427345217643644,0.7689752174453803,0.5483630442923564,0.6846441774951733,0.803355872488332,0.9556973161647959,0.8602356295661551,0.6032957681752948,0.30805620950004137,0.37114611298485956,0.8229580609865759,0.8319314185542188,0.5435352574105842,0.8753828520168556,1.0160055075939267,0.4947463110995044,0.7276984287337042,1.1382337568649652,0.9710953261384324,0.36106702573333327,0.0,0.6203846080052248,0.8605895384698682,0.6220825669952821,0.2751048322655962,0.9233832865546241,0.7160512228527636,0.7813780547782987,1.1219948928818122,0.848496421118851,1.2360434320198868,0.4462572292563394,1.1530563950142492,0.7382853042688349,0.3951569992529692,0.6597289488353638,1.1668208691328474,0.5976533474705914,0.7769519163721804,0.7640422503608604,0.8443490771865315,0.8192615088105295,0.8306920603055822,0.5566355673711892,1.2008549314037564,0.8165943152960854,0.7702262435465836,0.23528473251291807,0.7463366608398385,0.7811749553584387,0.8183474448001338,0.8600121523514196,0.40336046595753533,1.0001682049202292,0.24467621341657242,0.6530844003712154,1.0665380779987725,0.20474200201610304,1.134339266575305,0.7715154380648195,1.0595667216451266,0.5547813967275196,0.3048790188547648,0.7031064812891287,0.938234554763409,0.637706542784814,0.6286954888315622,0.17388914123747784,0.21596665050182856,0.5872119822464604
0.7283910501961831,0.5714462614951404,0.8228322972865233,1.138203410682899,0.5975695985143628,0.668283322467142,0.2900923749293782,1.361477040298425,0.5635000893274688,0.5852202502060935,1.0853705498331316,1.048944833356454,1.2407802380169684,0.967716128625364,0.7664232371649545,1.3113380212103045,0.5114944520377283,1.3261692537837761,1.3652207275021517,0.3039565073291776,0.929946907262454,0.6593056058649768,0.9296629475721345,1.483808508531869,1.387544795630094,1.2023128214333492,0.793146196595751,0.783458088832578,0.9707637004337156,0.5204503592100185,0.44702227557417884,0.997512820550422,0.72713214657007,1.1829377235682306,1.2170152723814387,0.8998065465272449,0.6126793569349105,1.1213216037190283,0.8681538507766259,1.4812020635658631,1.13078396021994,0.4000879973168631,0.6370560694921507,0.16055216229943614,0.3839583251186962,0.6265483292578168,0.3703578958736655,0.5761645986180298,0.7059040114089893,0.8622750728328549,0.3324744913417694,0.7762409657956393,1.128167759788632,1.3107874265309125,0.7611063601979153,1.0771703536122623,0.7281052599764912,0.9447270111230751,0.7310864456541737,1.1979257683778972,1.054993162228607,0.9899261257606718,0.6964580571051265,0.9512120423396464,0.7785973447276401,1.3756204581128364,0.5475964963749755,0.5963924890746822,1.2185500981646922,1.351645909134522,1.250107720036027,1.3989103249514776,1.1704358880903551,0.5627732806329172,0.6750634579385304,1.0171186010576307,0.7590074908521179,1.3604347668729313,0.8662426640812425,0.1536326621320157,1.096540258442334,0.7202859126616094,0.364763583831238,1.310157965263117,0.7647511903884014,1.1085720281153362,0.6778361909344258,0.4112142834097033,0.5818684866937325,0.09487460274309459,0.5023374998296816,1.081958052049647,1.16303119643611,0.7622158445378928,0.3613680029883418,1.2511987245981626,1.0629958265959023,0.9806110539038945,1.0239013063377853,0.49393088433924176,1.0021611383973956,0.09979935722783012,0.616437826689573,1.1302317552454104,0.42848799779087193,1.0931320556499358,0.9015931472222111,1.3375198689857828,0.14689756512696356,0.558685948374325,1.1934960407024833,0.6696206574370361,0.2058767915926859,1.162053525622648,1.0795818170862144,1.4525265856407792,0.9067892570870759,0.7611864635993948,0.3038676636095701,0.21170586599814095,1.1854049695180173,0.9847829230038496,1.0111982269708555,1.0476098395974134,0.8942054850507483,1.0987747825267113,1.1751429312968498,0.7236518396611114,1.0399213365025766,0.13550221955049363,1.441790163708006,0.5562388583760538,1.0069569217172445,1.1546249831930055,0.8107096663330434,1.2406792448530102,1.5286039574593808,0.9663517870642138,0.8232482413018468,0.6389324841698938,0.8169795949702733,0.748428953031813,0.7730214254317098,1.0368918347584535,0.6168353372970504,1.0926786064326517,0.25914646488515825,1.160945320151732,0.9429590887995646,0.5577459993633107,0.7290065416360179,0.6203846080052248,0.0,0.7843360588344401,0.6112197291951897,0.8896886018286068,1.0128565727785728,0.5855356835177181,1.1911908465966907,0.9919002992376591,1.2986238689773848,1.1326997297616372,1.0429691993159427,1.0915103011207679,0.20024346413520877,0.9991805393665573,0.16433567806612717,1.5692397203990722,0.8242536818684514,0.967077307753116,1.2845879404351006,1.416151170299401,0.7792205433487647,0.7986562075251544,0.996224671690135,0.9422328360109238,0.7753863431945669,0.6118264981921745,0.8068451733877533,1.1922570090665636,1.3272902457926603,0.37524270993742587,0.6279224957697938,0.33864713531047935,1.4402270091940268,0.699015614491162,1.137206055217437,1.2130636262998091,0.8152492628847714,1.54405482906957,0.8990081333077461,0.8568945986156801,0.6280561583825369,0.3269538827858367,1.287016589453336,1.2808467031022306,0.23471589400126378,0.9045825249825401,0.7921070172118075,0.4138266245653804,1.0389214094986823
1.468895400094378,0.5075178144462452,0.03954854456096958,0.8520409321494542,1.1064652842709763,0.11792125535943572,1.070537377695592,1.4807043047361923,0.2726717854349755,1.3478150055056533,1.8412097916753707,0.7839253413338626,1.8002221207942817,0.8489296801944269,0.9987112348650307,0.9984950861292432,1.2952569373153617,1.87004030426004,1.088431825141551,0.5327296566792907,0.971939455292457,1.170506694339569,1.0559252933333756,1.7242886180328854,1.393101210758665,1.8437427918253078,0.962754151945418,0.395552032414519,1.4107954910622675,1.1490386012163447,1.2312936900571987,0.732023376089956,0.3272587720900994,0.7022004950062927,1.9457394713578011,0.4141567735495008,0.3758233232184832,1.4398210559150477,0.4609203422829742,1.63541229444934,1.5769584549546538,1.1802774306796986,0.17918859515385044,0.8045114203684883,0.5441369765941414,0.28701584121564466,0.5028130531318307,1.1398267233740709,0.8634840552814387,0.2898952227606333,0.8719282944968821,1.456511778521984,1.8508691729314315,1.3675079742580167,1.3912974077232676,1.1705421755737482,0.9983049311487752,1.3369434714883854,1.4935159931180253,1.7505312626106984,1.320601576199232,0.7269499806778633,1.4441489515833486,1.6962804723299398,1.5061359013352362,0.8900361639419506,0.2460961913341857,1.3461576548586274,1.7801284542145992,0.8106960860481377,1.2373676300806293,1.0669040354690944,1.0863514027803058,0.7599371371161572,1.3740955980523282,1.6643497409665353,1.084436445045091,1.6360893331021122,1.0039579569621795,0.9375199215277147,1.7770511030506577,1.467338557794971,1.1267422703519978,1.903841358183365,0.12023771861961205,1.663955281485927,1.3678249077299276,1.130503322517673,1.1497623340961132,0.8698175577820347,0.8395801046736142,1.147213714516102,0.6867160059576991,1.3609915572579923,0.42925777203741733,1.5094203274887623,1.8388864341108424,1.6649599162965043,1.7286409738580955,0.6046561553608878,1.0496879725247321,0.8832617121147516,0.5116986830722746,1.4215811945122363,0.4858751505919694,1.2018651079392235,0.6073297340542476,0.9992284979573886,0.755107116766956,0.28418052497876745,0.9087454516832324,1.4267722181137514,0.7753095476146851,0.7597779282023859,0.6398460447510004,1.0601658531374136,0.7728286777958684,1.084683425461375,1.08233640961062,0.8467177667277579,1.2260395216101432,1.632140892262023,1.6791970813783632,1.779705226491956,0.7446056105221286,1.5792339009587666,1.5562475198561538,1.443666425907935,1.6844245142185355,0.7000026483613444,1.0499733989554205,0.23170895715840645,0.4418931110018519,1.1028472323031362,1.4443859352255188,0.8241219021761244,1.743583429559047,1.6228220819567383,1.4019411615350175,0.5749484962683173,1.2276157681954338,0.0398760109390677,1.4929137120431064,1.4014317813412498,1.388731569401624,1.7710851198764552,0.9550025330978992,1.5882868759822173,1.7137761111674383,1.3406048483194586,1.1946824067420427,0.8605895384698682,0.7843360588344401,0.0,1.2919805323012932,0.9664628843862617,1.68076927571631,1.3157461584304884,0.7544783270322714,1.7480511593869055,1.70746878259161,1.8854646621016582,0.9968494189144346,1.8292218626477936,0.9801995808627669,0.9922669386433433,0.9470404823958065,1.0216215192032052,1.398790195177384,0.3688649836874912,0.9865315573199483,1.6409553059758994,1.4918270022346733,0.059135331442323226,0.6989197959687866,1.7232541610041956,1.4881751282460303,0.17587870838160763,1.0871248330823882,0.8064090907521555,1.60679740265794,1.1593263346297165,1.3943722196391681,0.5570349450579407,0.9695908420934891,1.0934404398036455,0.8322858310188478,1.858953763016403,1.0242004515453607,1.0102868748971494,1.5392804248464842,1.6267066540795745,1.2675493288101838,0.823475574714577,1.1257365380924464,0.7259750235089452,0.5536349753864102,0.46018015781033084,0.929982590973088,0.7328079197383462,1.4478006107321855
0.23060890230632686,0.8720714138665524,1.325307935881069,1.2613115293206638,0.3092085798219831,1.176048869948334,0.4038097625999351,1.1033216860898145,1.0246574182955146,0.25130862689685907,0.5866851352708821,1.187995703792563,0.6524591893151103,1.0354465627000828,0.651202091181914,1.4053939275916443,0.40681410602481705,0.741472190915674,1.420030494558007,0.761808921302496,0.8884868475595354,0.30209412849664435,0.8149716257602557,1.1017278036536593,1.217289223638668,0.5910931026725217,0.7195097528430845,1.1185199618161905,0.524443081703398,0.1572749661163286,0.4403419041429508,1.156797238158984,1.10211541627478,1.4251593976675156,0.6575262263342678,1.232844017493921,0.9857450085160717,0.7487414225796195,1.1713017375737862,1.1698034318106454,0.6375612306832387,0.36238099031321536,1.1168371979501504,0.5076052327843218,0.7548930376749075,1.046941165118797,0.7900293242721699,0.23201352845591272,0.7084621694723163,1.2544177617195553,0.42345775569555044,0.16819734647852447,0.5612631867005913,1.1171752669833883,0.17050039776043815,0.9259686936484866,0.6035158459771903,0.5589157950125122,0.3160670129476526,0.6157868898773157,0.754521443556423,1.1505928004172332,0.23370510624472504,0.4330011860936618,0.23559235909715479,1.579802008166382,1.0928488280944808,0.19828316179951436,0.6303013550015523,1.5997899741538204,1.1303645590209053,1.487101088124822,1.1325581207816868,0.6651175321480395,0.08722012293577482,0.40598466529695604,0.5518094651011013,0.970488416647395,0.7758901719720291,0.5033160275973104,0.49277705140617917,0.24677129031327535,0.29804535564647205,0.7056625222544626,1.2302481181786824,0.5315642512226731,0.07615798037340299,0.2042542811942674,0.22357224304243847,0.5888018593662347,0.5408829632792954,0.9531863542891483,1.4073320690016171,0.20715316445275972,0.878643180374314,0.8993465790566996,0.6499999380445786,0.3775590495233617,0.4366684996241044,0.7500517103657306,0.9215419705274871,0.5345852162167037,0.9017223464013465,0.7805224048015903,0.8164275167826086,0.9224653448637019,1.1214698736707756,1.4438737090505593,0.55755540521244,1.0145975201696507,1.29873173141293,0.2566509032701149,0.5221328062194256,1.3576281368097838,1.3235756711313336,1.5744168658571642,1.0150543455270027,0.5545144615226275,0.5190772017453547,0.45529576961742674,1.041233646705659,0.37376599115718084,0.4020403462563375,0.4968170663522537,1.0201679041905043,0.5813697965998718,0.7310060020562171,0.17149383331166065,0.4288619201764831,0.7465959263376467,1.5653220221302762,1.0927823470913811,1.347863564181731,1.0963789398151023,0.21031181886095626,1.4254317024396854,1.1600854233939735,0.355188217267261,0.2722336845053265,0.8760003786382233,0.4734932327380508,1.2523058136086689,0.2141182244537596,0.6458285987526602,0.31166895739134315,0.48793028140372297,0.35996102661659446,0.6785226023395644,0.5180424188407792,0.4986616741674256,0.3757487811092318,0.6220825669952821,0.6112197291951897,1.2919805323012932,0.0,0.8399959619620188,0.40369264446130565,0.1288565867924133,1.402055095428078,0.5015398928821374,0.8087584159808427,0.6227673417518154,1.021845523813899,0.5496452880988991,0.5336840693035024,0.9651795448210299,0.4877315891880205,1.7887795917787657,0.27763819245926297,1.337846123750754,1.3745455145194445,1.0584005789689606,0.20625695323484544,1.285556243085541,1.1773519351697768,0.5912245700357728,0.20298091002136862,1.1419750297333573,0.6147269359323286,1.368418395168024,0.9404228373772452,0.45121204560661127,0.2836392237152465,0.7358208679007112,1.6218364013476898,0.4599267134559917,1.273740577748613,0.6019636011956274,0.6894079398501473,1.756395948420654,0.2905340380606765,0.4431023589537197,0.08708527103573811,0.4735567419489421,1.2743120098548255,1.5517753894569157,0.8130913628275832,1.2129314406419591,0.7483494476885528,0.5947604804287434,0.6030608678029619
1.069820968187407,0.4869104103982659,0.9783722623137814,0.45414076436466516,0.5308598438816853,0.8962519728957414,0.9771002097570893,0.5279794267970844,0.7443060766903966,1.0574522346398483,1.3973595083257693,0.4046105325638291,1.012162873209136,0.2300288303466055,0.18919415254532485,0.5739707988933161,1.1440083464931121,1.0549187581988781,0.5806307162900316,0.6984833447106418,0.04874839157319147,0.5474226799267392,0.0934514845215534,0.7580712287224339,0.5032860670010827,1.1547298170962028,0.12136879517318136,0.5940170397785732,0.5847565488143045,0.7009759522356191,1.1298925122478658,0.3995407776979002,0.6438058362225535,0.687413944587579,1.404704590580627,0.6532608697121632,0.6004335416460678,0.5107414090343207,0.5773472597416817,0.6768437296213199,0.7167557667546903,1.0349003199454736,0.8147813405205983,0.7423068387913633,0.5942677762158647,0.6892974693158699,0.6482273723003565,0.6085463434848484,0.1838650105385641,0.7498860370106643,0.5999508039292075,0.9328683371741565,1.311586876380946,0.44001812983101973,0.8103483228497247,0.21298981242151868,0.2364823567404422,0.4881325419969688,1.1542589492244908,0.9631968371546706,0.3800243682612695,0.3965319757812834,1.0730623158111465,1.247578918737617,1.0624872119658741,0.7921847498415441,0.9257636308580579,1.016671406544882,0.9978098237501181,0.8434033386861164,0.36055412547066495,0.6516654011554633,0.3017023887549389,0.3303916477598556,0.917875545460601,1.0217833502935465,0.3018820428234317,0.6758709205385379,0.07335606218474663,0.9412402506647527,1.1654301400057798,1.0867672174992133,0.934410730933083,1.1400449202159075,0.8516908229891287,0.8965552066218023,0.8971493708291159,0.841015145298186,0.6165831092712918,0.9612266887535428,0.3981136160088825,0.20259852575499623,0.6747021929911861,0.7468556463934125,0.7895633760130114,0.5498948845846329,1.4858902885595402,1.08580869053538,1.1744604274808728,0.45653994764895206,0.1128655640529964,0.9152302551317222,0.4659422893484058,0.480585289780341,0.6054764140657801,0.24075585788952936,0.44411456957095496,0.6148547558232942,0.7430327598361465,0.7324253093519925,0.47784116285823386,1.0902493496980972,0.6876523674349538,0.5897026857231875,0.6079461299296988,0.745651946404876,0.25689683030791594,0.29961885636961905,1.0857833571786784,0.7134710942776695,0.3028558501310625,0.9979140437553069,1.0673079349996983,1.2774609656371447,0.2796368502648141,0.7500529547586177,0.6494821014643224,1.0038019209800715,1.0327358360071799,0.9602507068590773,0.7374146026011513,0.9076333773868094,0.7398808149208955,0.27441716210358735,0.8476109214544907,0.6397566058404179,0.7775658867413465,1.0058168182387073,0.7422924296629945,0.40080224583723345,0.44558110224984127,0.9340271533334372,1.0358727510715213,0.5104930890392025,1.1208602763486342,1.156898549996879,0.7674442119891799,0.7104543717401051,1.3558413900862905,1.2353152083766183,0.49760976597073275,0.2751048322655962,0.8896886018286068,0.9664628843862617,0.8399959619620188,0.0,1.0683521036321828,0.9498296556973747,0.6399954733149162,1.3233192769679876,0.8004203441984855,1.4233149045466873,0.18249749564559709,1.332090228586576,1.0133849114979063,0.12658556677702978,0.9348328466743334,0.9964041329651349,0.7347899200782797,0.7732487712260512,0.543105091575063,0.6745528860506245,1.0191908375105747,0.9233017095429458,0.4358293333592485,1.4307135242516278,1.0171469845566339,0.9210087896075755,0.24962436437090796,0.5836229256709999,0.648526735046202,1.0891638481143304,1.101649714311688,0.630315356130289,0.8172268031975347,0.3863215887245553,0.4737012526067205,1.1740508439915778,0.15815333968178277,0.9614921794584045,0.9202789568171713,1.2830124094280342,0.7608821366121348,0.5798071650785628,0.4392080981700636,0.8216425904304573,0.8761611769922283,0.6083470428901007,0.10230892641462924,0.47678437237480537,0.5826136488721697
0.3545809284475684,1.229614192486891,1.712409232566401,1.520196128642473,0.6024296397245845,1.5667598837312486,0.77811770725374,1.1495946798235168,1.4098088245743525,0.5126477119217596,0.3982970950553188,1.460267722200437,0.35962837880182125,1.29147230902919,0.8890983362297818,1.639223629386023,0.6890695545631981,0.44251395807341254,1.6327278218237076,1.1566457837723052,1.1122643133630996,0.5527337080894515,1.0123281008268146,1.0378587064675626,1.3138954796210023,0.19782329366553264,0.9614046773345102,1.4679709602955822,0.5426313619702683,0.5324509162310241,0.7509765390020223,1.4404727281989207,1.4638277118151866,1.7246207368513145,0.3402492575056708,1.5755564816374459,1.3531824463757474,0.7650538565232435,1.5076248372671261,1.1626127131153658,0.5424395184113238,0.7044844463540438,1.5031183394902454,0.9103760741029968,1.137600217550008,1.4225536083241168,1.1782372190928048,0.5497178043270537,0.9892932142369785,1.6143652938142496,0.8093311183943604,0.23664902729952603,0.2541575688872605,1.210188342948374,0.29300040122004173,1.0786445057582945,0.8507965608366477,0.6291984248124339,0.4361582910429548,0.35016801093210237,0.8357754505614685,1.4353924733677543,0.3954403868973748,0.3014500532655012,0.28813657036439266,1.8550734747263706,1.4912207266523672,0.46859399218486886,0.34273974897897425,1.893345158302851,1.2715381545702162,1.7122854791026534,1.3225836432730578,0.9936211338432063,0.33947554803293184,0.06337127410870795,0.769010113063744,0.9191942427497848,0.9956886544045205,0.8950182809033582,0.10040013114322563,0.37924557367666456,0.6739105988990591,0.34992248854030394,1.6105139755700044,0.31097692824699597,0.33505286410260504,0.6019741920682352,0.5393253485023751,0.9828613714929046,0.8778924708541134,1.1153147754595203,1.7085887412415086,0.33862172276176844,1.2766366337831123,0.8995510152048353,0.5523132847694984,0.05869291455127452,0.13169494394925846,1.109220987607622,1.118023009857707,0.9315532225759477,1.25248663412076,0.8105449179396776,1.1976420079115822,1.0629487543788096,1.432080231198586,1.6810809782363776,0.959964691341971,1.3990476051960787,1.5461928839201833,0.44285607174601305,0.9212773511419301,1.6415745044164156,1.6294345615108492,1.811119261864039,1.2915579691229078,0.7710060942607503,0.875242193904203,0.8568250896690078,1.1791993764206252,0.07309426604110139,0.0016583888986601246,0.25528355058235264,1.3035504144964545,0.46897519518970415,0.6726974154337644,0.314109956916083,0.07333750542957027,1.147768803717277,1.8033644670282145,1.4898464279697092,1.6878765985701967,1.279347925932035,0.24170483730768616,1.700467542149234,1.1017779351408172,0.06336083256683547,0.3271558550008832,1.2153611320240005,0.6251093747247836,1.640906226154326,0.2751935751018978,0.6759151208604609,0.5361843829127255,0.092929546477783,0.7636509944874584,0.5853640819266254,0.4684989041597041,0.7553216732342587,0.5766788782384801,0.9233832865546241,1.0128565727785728,1.68076927571631,0.40369264446130565,1.0683521036321828,0.0,0.44464041008709304,1.689779333922953,0.3701148876698711,0.6699308962251964,0.40214739023350143,1.2354922207730232,0.30075777950761595,0.913719958489749,1.1802788165526021,0.8794987929918804,2.061919837995709,0.33428104282445537,1.6880873551404916,1.608630067685305,1.0246387428131052,0.2574792488467905,1.6697120804610597,1.4683068353550244,0.5868472753833807,0.2608604746901263,1.5373593956410043,0.8188146784895636,1.6432566053619202,0.8977807701709035,0.7895803225320898,0.5032818155184056,1.1241467810515793,1.8847220045014983,0.6965246164878337,1.5377413253223307,0.20453898622209696,0.9106914632995303,2.027502085184061,0.15193218847976128,0.45548643556129903,0.4134034082598029,0.8573318256598024,1.4630104850124004,1.8568909406539649,1.2165682548219694,1.5485762446438407,0.9986791064648811,0.9596892260804454,0.5988020636394502
0.15381153558475463,0.9305274158232526,1.3509571572284291,1.358105310170957,0.42153735037238776,1.198221076712493,0.33365950710126213,1.2314904755001586,1.0557870293286729,0.12245780542363824,0.5285528801873572,1.2814371449621742,0.7408927717525741,1.1355569108868173,0.7627106932854443,1.5077548787074209,0.285547725490677,0.830691052610157,1.5272076551232823,0.7832324730995344,0.9985567490788497,0.42421652316533304,0.9311540903120764,1.2289521331035602,1.3422754877404834,0.6416692565402424,0.8285519253121499,1.1784616146632008,0.6517944287942422,0.24941106438566688,0.3288682742810038,1.2467886361478586,1.153889230142141,1.5066782018826097,0.6356398475031283,1.2955279909760054,1.0347106663558554,0.8774282089914607,1.2382853928481907,1.2986446356389347,0.7583714642324039,0.2648810259337568,1.1454760842444753,0.5130384611082035,0.7936590548410419,1.087854300679721,0.821191976873533,0.3436394473757895,0.8070789904828274,1.3057366239214259,0.4711137077473336,0.22045415296243817,0.5443090715673519,1.242864522671052,0.2812760020971578,1.047233953949824,0.7141573755146295,0.6877722075047162,0.208932593666114,0.7092165836449871,0.882589320946167,1.2402644821144635,0.13611826056289594,0.3807032414191747,0.19408322455742985,1.668959341265173,1.1023268049133066,0.07024595538678717,0.7192779050984884,1.6823086809467644,1.2513947475251486,1.5910034725159714,1.2463986917916943,0.7459131669606291,0.11661277694955795,0.46422839380151504,0.6698583314536234,1.0978379811837198,0.8885931367928891,0.45544576326164,0.5181540485049978,0.15686003796806477,0.23075229266980962,0.7765455701555992,1.2644589870788119,0.6302053238243525,0.13389390331170953,0.18540559542486665,0.33679508346515996,0.5441051741865294,0.6217985039507722,1.0729951296098594,1.4882840834666096,0.32962708625959897,0.8915947718238506,1.0280585954962278,0.5614956102416853,0.40384688937481533,0.4390134311781774,0.8100782187027962,1.0364416408782948,0.4965537225968804,0.9641787996692337,0.909374857777565,0.8555043560098071,1.0451477306480208,1.2014951544031054,1.545105190958823,0.5633409564157424,1.0466915016137157,1.3984005869154015,0.14135357268983667,0.5408888389473994,1.4455061702066812,1.4033967462058394,1.6749245663236392,1.1092672947731397,0.6726108859411605,0.43332074412422916,0.4690749460135482,1.1632522770531366,0.43482214561247007,0.4430164797997161,0.46699928221403014,1.1120126355023268,0.6988563534529318,0.8563811001393011,0.13853030681703477,0.4873209641990749,0.7173544922356654,1.6655387166696607,1.105081430367544,1.4109508615911546,1.2117460986631459,0.30795465479808803,1.5157825177308715,1.287723509108337,0.4102616491528284,0.3919753654677154,0.9458204664285377,0.6006263175372134,1.2766583260819744,0.18754639469838458,0.7744697528116018,0.1832919905118205,0.5153387587509396,0.3612363875623835,0.8002995286607129,0.4282576764291417,0.3743709471633574,0.5011439511222184,0.7160512228527636,0.5855356835177181,1.3157461584304884,0.1288565867924133,0.9498296556973747,0.44464041008709304,0.0,1.4882064730478501,0.4369251002419142,0.9277219126342916,0.5709520461596201,1.132303623999484,0.5145706844121077,0.4694674299415302,1.0760184180534162,0.44018648290909784,1.877412795671932,0.3982435016362482,1.3949046462360433,1.477072728599745,1.1866678333608776,0.19536596278739438,1.3150375437209227,1.2645091703549962,0.4848544286896913,0.19155516892827537,1.1570108242513275,0.7333955042794038,1.4593016135675887,1.0680349567633691,0.3531461905241196,0.1568253038921493,0.7680340660020101,1.714686662760642,0.5774028807020868,1.3688945978410139,0.6491638822984375,0.8034738255870222,1.8458697347372495,0.36752995483654194,0.34579775299022647,0.21509896035222192,0.5209899679501822,1.38726033632982,1.6300375753394387,0.8059021298749979,1.2798044531440504,0.8547313130183061,0.6552035687904173,0.730251608353049
1.6291007358669147,0.6203322849701527,0.7386329202008237,0.2108260839126678,1.1066869813254712,0.7677129168438085,1.397552041220178,0.9730467023671018,0.7179404860385986,1.5743515371092047,1.9852550354354346,0.23544435854931642,1.6518706056288603,0.41017790919161295,0.8031998612647437,0.2691089058965252,1.6087485505572199,1.6922924211064658,0.3647316350741608,0.894829326981994,0.6057340794828016,1.14352720028824,0.7196454953592331,1.2716373556956784,0.8107905380888591,1.7904252219300534,0.7320311540835144,0.43588093121083477,1.2247429090504174,1.2469802701099977,1.570844595896792,0.24936162582786117,0.514708994619388,0.07196131616070292,2.018342415668038,0.3524474855609358,0.5991399940985889,1.1257880906123274,0.3429783898071336,1.1249893145095067,1.3517781433487903,1.4867316617628643,0.7153148748905851,1.1021792769763228,0.8072961150355681,0.6304642049889215,0.825630136762512,1.1769451736248524,0.7031928109077024,0.46701917659709974,1.0391976255470348,1.5257594399215877,1.9226893297897585,0.8346692178342057,1.413601259382029,0.741622489988707,0.8392215477501932,1.127970923895247,1.6967814831421593,1.6030642849072736,0.9952129929942849,0.2546399252458463,1.6223960700301991,1.8318230483625835,1.6367282070682567,0.18584231897795167,0.885664899746633,1.546079039637643,1.6377165501931545,0.20425000768586016,0.6826925351308893,0.32008248950717477,0.5240264992758918,0.742535204868349,1.487522808898091,1.648107160851272,0.9243030319549526,1.2322475724197168,0.7123772405715214,1.3074773376047921,1.7890323436654025,1.6404235885481322,1.396518450939346,1.7800313539707884,0.6476768535951627,1.5362619983808055,1.4704080227061875,1.3358609213608421,1.1867643151356781,1.2843905681792707,0.8664113439554686,0.7018331468870214,0.07670001696069313,1.355980038972334,0.898699449980822,1.1191255396486175,2.0481141504746905,1.700227416596103,1.7854960678957368,0.7156318504432295,0.6382477363545526,1.2620493333461547,0.575783414289065,1.0871177454510184,0.7654719793661751,0.7739116959663337,0.2950664563134757,0.25623413507076703,1.0738938471641821,0.7136968004743987,0.232887515465714,1.6277235126430285,1.046081159343288,0.05067415097413876,0.1216494725902392,0.30652522771536367,0.3983086303303649,0.9225811905991845,1.4720145677483367,1.1059152553593075,0.7240630531439094,1.621987932142381,1.688595120801591,1.8781692785482746,0.3868110121754104,1.3888817436281775,1.2711119676322216,1.5733840660591514,1.6609939210647497,1.1892057327248287,0.29611889452588774,0.8614973579899404,0.3177138498089633,0.5643249666847345,1.4572962950857384,0.0699931555333325,1.2654371504027497,1.6264787640850582,1.3630478001856283,0.5651615535456248,1.078837415206134,0.746033498615306,1.61311649108598,1.1437627384542792,1.6333999271296062,1.7808215382525905,1.2013830947225412,1.3413061226992187,1.9148991902248238,1.686834190116223,1.1132166553362879,0.7813780547782987,1.1911908465966907,0.7544783270322714,1.402055095428078,0.6399954733149162,1.689779333922953,1.4882064730478501,0.0,1.9029711541214023,1.4158976203011107,2.017220382039335,0.5217000116384923,1.9330245247109352,1.375363881135638,0.5611048358478122,1.3083004434654406,0.39046556231001295,1.3562376276720292,0.3911271530034178,0.2697393267364398,1.1902881442363713,1.6006339418109379,0.6953454256065345,0.2247815399527983,1.9697428699587025,1.5979573629880717,0.8346946480651531,0.8825053328303034,0.07870256078806467,1.2128593976426272,1.511496168261349,1.622806618509116,0.8525651648795531,0.24985145925360452,0.9932891907967365,0.18391480690223574,1.8094852463552684,0.7891528140210714,0.36065924620329043,1.5386057759863716,1.833923898962538,1.336156840609071,0.9958349136623059,0.47780727516871707,0.1892388380192655,1.046238372027639,0.31950491206501663,0.6931914539943339,0.8533095365373474,1.21950889076943
0.2836914335187846,1.3648708397085,1.783949354456151,1.7572849315318437,0.8007407807569378,1.6302138911314619,0.7075182613313155,1.4909842688069102,1.4912256173028196,0.4066815756912474,0.09361129556870547,1.6863661792707794,0.7207329923582788,1.5294778826197797,1.1346633856494335,1.895397858594834,0.5249998799856441,0.7964566412601068,1.9030117767017891,1.2168773784037845,1.3707977439135328,0.7760177310918192,1.2852342255813167,1.4028395995209626,1.6397821932420529,0.5038698922024016,1.2057353822320958,1.6126492970927315,0.8744923571942951,0.6582197858301475,0.6002808099975978,1.6568083185029578,1.5901769705720412,1.9266810999376431,0.26365747525804056,1.7287681244605269,1.4713060241135691,1.1076279169922474,1.6693917853818936,1.518488805100829,0.9040193740782148,0.6028158191794781,1.5800311656997317,0.9435397390733734,1.2305398052321368,1.5247042400461357,1.2571911729082426,0.7272710885272615,1.2055407482412932,1.7421921636778492,0.9067200509957192,0.3920116631824613,0.2159257420371795,1.5361602450786718,0.5190858512804081,1.3764691495990768,1.0892944383643566,0.9477072355261436,0.2612923522415051,0.7175373987916541,1.1586210841692712,1.6507279867073459,0.3042395096707157,0.07840746245635058,0.2662576350680111,2.0796399414445776,1.5278971138268558,0.4019918020805837,0.7062246602015403,2.1012203776941623,1.5777776016888998,1.9747807295864799,1.6040798603393884,1.1664705762137955,0.41548464060401785,0.43235226917277136,1.0240664341249208,1.2809598083786695,1.2549004526894882,0.8451025941869028,0.34656946258001003,0.2814575360237699,0.6283785797162942,0.6777835730675971,1.7002498862037634,0.6806606097174807,0.4327742901800922,0.619551781207945,0.7177625330978048,0.9307749140383434,1.0420820012766636,1.4090630143130665,1.9088695121551162,0.586189768376065,1.320850180002452,1.2498654766528474,0.1842375055960355,0.3159831063854258,0.24521455153344712,1.2436140395200876,1.393226538413113,0.8947397342715304,1.397078995347893,1.1503019922055921,1.2923656056278707,1.3663137537312984,1.6229722801802133,1.935065338001321,0.9930652653457126,1.482369655075963,1.7920805986658814,0.32316479736395637,0.9755618380182763,1.858116438888541,1.825096919918926,2.0660087458282215,1.5134395983772613,1.0265521297260891,0.7586907210245663,0.9032267198295736,1.4856709735817235,0.42985678635151436,0.3697108632011446,0.13866005464922898,1.5196902246286097,0.8309011773138512,1.0311738907259644,0.3300637883911391,0.4431248723167359,1.1143910655298148,2.057259306158312,1.532399272923224,1.8441202951089153,1.564333075853708,0.4930894421408334,1.9249353177055217,1.4664878825041427,0.40351893074660694,0.6125624328550948,1.3749060935303685,0.908102623522473,1.7093243045753077,0.29025176444131084,1.011001600866545,0.38169839733959127,0.3521525466936838,0.7937041608897495,0.9479117693325979,0.11511965337068097,0.5484525339981785,0.8307677127055915,1.1219948928818122,0.9919002992376591,1.7480511593869055,0.5015398928821374,1.3233192769679876,0.3701148876698711,0.4369251002419142,1.9029711541214023,0.0,1.0391966611945607,0.1412341375762747,1.5019421167900195,0.13944077879678896,0.8335079310995374,1.445175003419955,0.8316470447710321,2.2886561842253004,0.6210226627895508,1.8302066978405258,1.8644696619999575,1.3845039783628217,0.30474546358160537,1.7494842988041586,1.6781996858612451,0.23183442930959158,0.30703944477570133,1.585611122262639,1.0831584667599652,1.8677590708370635,1.2576715604312942,0.6634389864666119,0.3652513278308267,1.2043354540885436,2.1197866743543665,0.9370063757358256,1.7708629223690762,0.4969747965221406,1.1672686743242549,2.2559485409543036,0.4550873158263547,0.15977527010318165,0.5683621831435587,0.9568833596192944,1.74659581613124,2.0532366832583397,1.2226747827828315,1.7110123361125609,1.2378242463443248,1.0880940481793042,0.9410259576737408
0.935085673337879,1.1999550951544236,1.72754731333715,1.2100108827269316,0.7016905265166159,1.6149404209919316,1.1877475506676285,0.5783636180432487,1.448759250402872,1.0434786123709494,1.06547083663507,1.1854728627001363,0.3662611844161621,1.0158064948841259,0.7113077496545488,1.2674759859792335,1.2130207699305682,0.3468272355932719,1.2257100360775104,1.2826558150525251,0.8221503640077729,0.6393690156228619,0.7094140856985556,0.37912106376858007,0.7795129231669474,0.605488610529255,0.7580056439496671,1.3740283192790328,0.3284767674930726,0.80571396331472,1.2490272098286657,1.1922232914165876,1.4077532838717295,1.4722844456291198,0.9599164460920577,1.4478721683261606,1.332419000605514,0.2913024674803605,1.3717035839370995,0.5342663322855304,0.17304043290458898,1.1678202242108289,1.535720659226162,1.1452424016502043,1.2104412866893108,1.4204928609033314,1.266680903901312,0.7270197022810299,0.8481547466943817,1.5334161440704277,0.9788551875445046,0.7413964162720055,0.8995378460637882,0.6877354649793255,0.6467266968499418,0.6776214242517558,0.7091746914471838,0.37654769036559643,1.037619087036596,0.34338834549649,0.42302864275579594,1.1903306582762345,0.9668702563565807,0.9673188980791957,0.8817618310206424,1.538706971842746,1.597341010685946,0.9880565359230389,0.36892267982999916,1.6115504673446936,0.8057831776121794,1.317619217768896,0.923440179129698,0.9505028064776622,0.8192976031019514,0.6070673093933993,0.6249700715911827,0.2816928261725013,0.7386343440402089,1.2483742645637934,0.7197727677497437,0.962506803742371,1.089492328550241,0.4855180812839956,1.604216266631696,0.3590027529475542,0.797594668890611,0.9766512729064918,0.7229999348840505,1.317831742289883,0.8958993612023641,0.7187235568839937,1.462019928424093,0.6016746625207521,1.4051234810301023,0.32924857604412494,1.2221574297329605,0.7232460794817314,0.7999242758092143,1.1107014213565114,0.778175568641307,1.258737563906995,1.1988389517417928,0.32883243199605755,1.25314571690168,0.6472029758087706,1.2442452009966671,1.3105741848708434,1.180227024864931,1.4362921783345444,1.210806203554612,1.010702530869384,1.1202556530767969,1.3654318062203634,1.402555612606532,1.426734626730969,1.0563019257274902,0.6244596364404361,1.3115211720167796,1.0891768941351108,0.7278672708642832,0.6103019861499316,0.6702034338814825,0.922573707593727,1.0799074708998135,0.22926601649919723,0.15290645654440757,0.8638602899492445,0.5980409063609171,1.4226385534130395,1.4220345750334387,1.5859617067925653,1.539359259997522,0.8771176073959767,0.6283522999534833,1.3991961745268195,0.4426630238449687,0.6380578989307443,0.5367613587756223,1.1388389575722055,0.499908164292955,1.6703914900789156,0.8556435971312089,0.30617832416738483,1.093623378004973,0.7116070449725058,1.0533117137138996,0.13789510601413077,1.1312672970874478,1.301649919422834,0.5724200316189567,0.848496421118851,1.2986238689773848,1.70746878259161,0.8087584159808427,0.8004203441984855,0.6699308962251964,0.9277219126342916,1.4158976203011107,1.0391966611945607,0.0,1.062659129114959,0.894680290095445,0.962560528598149,1.2997624435319417,0.8555927201426623,1.2343056267904415,1.7247402928517503,0.5311424235626949,1.5688248767209407,1.2409701234449442,0.38815083688274743,0.8309838592021002,1.6746327372458234,1.2309671027557172,1.2461188948738158,0.8321579147428443,1.616761078676214,0.6211030086173066,1.3482290553156995,0.2734516948568615,1.255102338809694,1.0602910800694918,1.2231340121733818,1.541531439134766,0.635759503186356,1.2349688804311756,0.6231653962519499,0.6931019387489582,1.6888147450824897,0.6094804765870859,1.1021796533946298,0.7387470283922436,1.0042561806869634,1.0387088146000643,1.6040103260267256,1.4187646874893625,1.4052185942877935,0.7959229494621837,1.017810016894407,0.26803811564218005
0.4171800413647897,1.492847134314743,1.9210558583941828,1.8646139583705816,0.9108378313517291,1.7677296283653616,0.8487382698368532,1.5503612961677922,1.6267244261887743,0.5475283356917265,0.050313968985659,1.7965668643277461,0.719176375007948,1.6357083467380493,1.23633182993451,1.9971624359244537,0.6638630207172498,0.7845890263126253,1.9998555087422794,1.353512898114072,1.4698779898038596,0.8793902199202602,1.3788547335159616,1.4360960954497857,1.709984144731305,0.48237315384973456,1.3083141792219148,1.7400933045887295,0.9384840107117602,0.7799856895828998,0.7393139572620698,1.7694895573849816,1.7203950695354846,2.043703061224336,0.15868283601804886,1.8551380332201735,1.6022846550412824,1.1655203918746777,1.7940468285445186,1.5645287277169104,0.9438543071786889,0.7439728684708083,1.7162175824177717,1.0811796391698865,1.3637632356552791,1.6579598360764172,1.3921315150729217,0.8405503535979804,1.3159323425895173,1.8726426376075376,1.0370567981121828,0.49274272814622866,0.16727757521889716,1.6061201601853128,0.6129819569638356,1.4605113682057476,1.1926707947193431,1.019521751873895,0.4024797812038442,0.7258664345973667,1.2293120726715985,1.763643330488129,0.4415632233698113,0.19139657144790492,0.38878730113745996,2.191348758813961,1.6671559906059101,0.5406346030723362,0.7082862739634558,2.2172666814123416,1.658561400884365,2.074583694222238,1.6958049830829822,1.2864763189754629,0.5355655961506091,0.4648744708273745,1.1217936175911964,1.3197515470988341,1.3531003637113015,0.9862652332992508,0.34347563400893794,0.4182153818792032,0.7687555338136659,0.6518139341860397,1.835404831555422,0.7059140681239137,0.5499938691458257,0.7553909547074549,0.8306289162900746,1.0720047849978565,1.1627569936907807,1.4950223982873778,2.026260631470731,0.6773843218788678,1.459152922831774,1.3015640668916817,0.20524962868153454,0.3602560189464959,0.27139181565635206,1.371091083871877,1.486549369703941,1.0357567193164592,1.5236818040173288,1.210347446198161,1.4256602965382215,1.4477876698439898,1.7415884531589931,2.03765354284009,1.1309813404689502,1.6176434432993392,1.8968653509857907,0.46337099560595113,1.1115297185648172,1.971388721520682,1.9433140615781048,2.1685987982731,1.6241000543291435,1.1241480822765726,0.898739769311641,1.039441786208194,1.5660756858822635,0.4722770633649343,0.4023331244919728,0.15065995078880615,1.6318769845779124,0.8704835387981872,1.0745806108299207,0.4536298665042937,0.46893900245730374,1.255573362913727,2.1601588904989573,1.671292522389985,1.9702841029868063,1.6545278256022977,0.5783076599145028,2.0362979631729967,1.500120412114058,0.4514101066073708,0.6927142958201499,1.4987674585632704,0.9949219442450096,1.8465698236420385,0.4086555667041776,1.0737570322583376,0.5227287622310408,0.3513921509464441,0.9305093979367024,0.9863222579094822,0.22564699324494075,0.6816746453097671,0.9263221522660341,1.2360434320198868,1.1326997297616372,1.8854646621016582,0.6227673417518154,1.4233149045466873,0.40214739023350143,0.5709520461596201,2.017220382039335,0.1412341375762747,1.062659129114959,0.0,1.5989127247087953,0.10141202060274648,0.9745852446012767,1.5424478017251908,0.9727654209462697,2.400191727857843,0.700973896827255,1.9587053367454634,1.9662649652239998,1.4257790663398622,0.4182075658730631,1.8857626565583687,1.7925807051108764,0.3164450491048398,0.4211514894719739,1.7242121163731152,1.1783857021003674,1.9789578320400278,1.2990663999420466,0.8035288194405895,0.5064699492666023,1.33890485925586,2.2286386007090893,1.0381840066848942,1.8793809722700752,0.47050806154426694,1.2657382117446225,2.366950945906304,0.5211581821459106,0.2939207922451288,0.6815758356159806,1.0874136735463193,1.837905779415602,2.17188501532777,1.362955583050035,1.835678518480554,1.3421655535850443,1.215481300920378,0.9986974749315535
1.2513232357998214,0.5708601688145658,1.0016820778075755,0.3157027152230289,0.7128900550892457,0.9455415894793816,1.1513008574464887,0.4943751839617681,0.8108759547876657,1.239820383936768,1.5743286131667007,0.2967105077018143,1.148012683892204,0.15141127602165755,0.3706434346300748,0.40461464636529776,1.3238564544216873,1.181369431225447,0.40118710936425794,0.820974713443089,0.13375453405674764,0.7270763095973561,0.22334998874226708,0.7724616681722688,0.40010385376420865,1.308806278172736,0.3038536153760057,0.6035259158689332,0.7280856279313147,0.8834728426727039,1.3075393336778098,0.31660198309373966,0.6701252218712237,0.580550449124816,1.5741256419152614,0.6300245135100259,0.6591746609242549,0.6055591857041855,0.5594395056872907,0.6515911193013408,0.8396179668061676,1.2130841114547137,0.8666595632310822,0.9030386421061034,0.7139861327301288,0.741649742427838,0.7625749178865922,0.790696224215674,0.3499552947688319,0.7444280581412965,0.7711288334872206,1.1105508153369192,1.482373852395941,0.3718941870859434,0.9863094894074548,0.22079113911184906,0.41856922318544504,0.630576363599988,1.3364846274372812,1.1007834788859783,0.47631852242584605,0.317037068663934,1.2551235901156985,1.4256602938429728,1.242603266129361,0.6499444871112515,1.0002503196386827,1.199167369217535,1.1356704097188512,0.7172286983848355,0.24353541581024624,0.4770251912691035,0.12760874970201597,0.4809567952878111,1.0989308126417137,1.1861149870847034,0.477969088735411,0.7178758643001176,0.2471790699601352,1.107119746972856,1.3307669961300954,1.2685914341651423,1.112968312363792,1.2787648129781333,0.8772938697212294,1.041576461884125,1.0779203751627546,1.0218133672628251,0.7986157980967693,1.120071145830404,0.5678404408270181,0.18243937041415892,0.5718280998199365,0.9215424939568193,0.8952600261261999,0.6004766634534733,1.6663545840616056,1.2562662580258857,1.3458440867140922,0.5757706896244146,0.12230518048733426,1.0774123406978715,0.5382849512923723,0.5658525948122058,0.7116699415175862,0.2537684727029203,0.4086793250117409,0.4471217938645816,0.8981268842520236,0.800124123254665,0.32314245213372894,1.272659270139968,0.846514618696017,0.4714515257126099,0.5214989673674749,0.5761675360989689,0.22427086520630665,0.47551701285595854,1.256467788686454,0.8794089556110682,0.23344635296170693,1.1639046418256624,1.2345322338254638,1.4517887849518953,0.2526892428578307,0.8831503147825637,0.751628264106464,1.1846035051282526,1.1955433732550849,1.1005723618783598,0.5687318275016834,0.9796056054078331,0.6936376054181268,0.1171462677239667,1.0213381088721685,0.5055127523244709,0.7770911451286133,1.1737480237858704,0.9122001346931796,0.4782987689167126,0.6104233127267132,0.9692636106728567,1.2156987404028277,0.6319815832524391,1.3031891401352689,1.322077188860664,0.9409736642487444,0.8255593374778428,1.5368166749627226,1.4144300526554379,0.6727330517016714,0.4462572292563394,1.0429691993159427,0.9968494189144346,1.021845523813899,0.18249749564559709,1.2354922207730232,1.132303623999484,0.5217000116384923,1.5019421167900195,0.894680290095445,1.5989127247087953,0.0,1.506162748196579,1.1796186530304882,0.056825293149107954,1.101775795294248,0.8463424326185832,0.904401693937568,0.7418337589783707,0.3743750988953515,0.6886362082385903,1.1984924661914267,0.9468720159224956,0.3578911269915854,1.6128071055612108,1.1965486748772838,0.9830526581159147,0.4205676583411009,0.45366015622248757,0.6962499348019148,1.2645267605361232,1.284113037708856,0.7550963999959828,0.66363741954774,0.5656651075881896,0.340329608634188,1.3284235740539765,0.33476312217575893,0.8106862994755607,1.089963203968132,1.4646891014960723,0.941968645066265,0.7463320163966973,0.25800724994317953,0.7104719678129016,1.0007054035220506,0.5803814353757527,0.2810337182445818,0.6301421166115295,0.7113075376752968
0.36409658786900023,1.4216764388144887,1.8640036868512397,1.7763886691704425,0.8265518350041803,1.7119285083716302,0.8147138426206706,1.4493838224960516,1.5666331815840422,0.5116382153385626,0.10763027234575227,1.7100504800202434,0.62297517046143,1.5471757158384916,1.146248390626472,1.9060493732586596,0.6489976974128903,0.6914682717681221,1.906671176827733,1.2964922497308293,1.3781789800339515,0.7914303570612412,1.285129629519449,1.3352326256061855,1.6101310778519873,0.39073922811711564,1.2185032348254874,1.6678260287650273,0.8383892832650814,0.7055420248134893,0.7232706443731237,1.6845446213039195,1.6515950709061267,1.9614451383508433,0.13055153849048393,1.7814947382431026,1.5347434893370842,1.064580382225569,1.7186963242840956,1.4631233408848874,0.842485456197291,0.7149376062531253,1.6573869216704162,1.0275924340319664,1.3001868088394508,1.5937576892860967,1.3314960775775857,0.7588023967455573,1.2303560768980621,1.8039172629137665,0.9704218908787848,0.4075193836615179,0.08059279180130287,1.5062814556659263,0.5225598523079292,1.3636629783979608,1.103527881116548,0.920535474007477,0.37412810891755766,0.6275390903298967,1.1298578353680988,1.6788577834571614,0.39509162120765023,0.14255550484149143,0.32319870459573236,2.105351863997178,1.616789248278567,0.49511786542312364,0.6111971529599015,2.1341341424478344,1.5607252538174599,1.982547953948929,1.6010248375029346,1.2078930694870478,0.46295463094624184,0.3634629108271122,1.0302327905709194,1.2185118377533377,1.2612222693268076,0.9498661557914341,0.24495707753039936,0.3712690493709009,0.7269638215970429,0.563030252832986,1.7742764837829208,0.605177128397554,0.4746219760185743,0.699877306692151,0.7486637914691939,1.0373717064685415,1.0851487624890495,1.398663556986181,1.9442971912348517,0.5852385193390616,1.4061237315961839,1.2002385639193955,0.2802244663278158,0.2599647062868535,0.17032890315087215,1.2996374170517813,1.392560339451539,0.9970165069854794,1.4508708492487963,1.1095625720422282,1.3620335849654432,1.3502977336910538,1.660927046919917,1.9468851986428142,1.0779105835977372,1.5571251601733709,1.8072822087451956,0.4254750599330749,1.0539123632624352,1.8865906611179462,1.8620748465412114,2.0777317209157413,1.5380958866637637,1.032524912909465,0.8774460843400554,0.9826901819969623,1.4682236345672321,0.371141590949777,0.3009547455701909,0.054900351847392476,1.546811108468772,0.7691023743988938,0.9731747600788845,0.3865385294669972,0.36769900574805536,1.2185465271194527,2.0694417859288863,1.6196504425015437,1.8962653058286796,1.55928428291709,0.48484575769382665,1.9502248891187752,1.3992481506672554,0.3508127968622678,0.5967247461965011,1.4231588479557675,0.8996994292341038,1.78996486431587,0.3383165167051365,0.9733508010753197,0.4981479351969543,0.25251309965062513,0.8756953037881071,0.8850054266911878,0.2525075061139505,0.6807149192175023,0.8345058593313733,1.1530563950142492,1.0915103011207679,1.8292218626477936,0.5496452880988991,1.332090228586576,0.30075777950761595,0.5145706844121077,1.9330245247109352,0.13944077879678896,0.962560528598149,0.10141202060274648,1.506162748196579,0.0,0.9453617397607856,1.4498914096902797,0.9356635444161224,2.3139329694128925,0.6048797683200673,1.8873657690099825,1.875192095363803,1.3244624457208112,0.3434260097352067,1.826861292478578,1.7087335280075366,0.36377771123359304,0.3467636832946645,1.6715384145071255,1.0856563737518279,1.8928406492792524,1.1977265886003394,0.7825628192616866,0.47635723808170183,1.2777297385823836,2.1409267363128617,0.9484410841195019,1.7917961854583482,0.3806152861165571,1.1741467477920153,2.2803912115022436,0.42290379752645707,0.2957932888130525,0.6011786462092198,1.0208017870398451,1.742864281114837,2.0907459095879566,1.3176961920356849,1.7602787504312025,1.2531558263303482,1.1444032891934435,0.8978499921556247
0.5923481594719321,0.7555839374563881,1.0190680978741913,1.3073100056050324,0.6230579125081376,0.8652714002455767,0.13593016051384987,1.4449978136480552,0.7637403836307668,0.43419798648427316,0.9255670722570675,1.2191521281966682,1.185668958777264,1.1217434910393138,0.8653057424779713,1.4780506637328132,0.3252004185364741,1.2743089567633914,1.5253133152233143,0.500683673918617,1.057526206825549,0.6735234462586612,1.038594941613072,1.5299694428888588,1.496154429811476,1.1100033127224096,0.9051981045861699,0.9776692134364482,0.9806473125961768,0.49413858646071684,0.2548670364779644,1.1702228966046442,0.9243841355525186,1.3712321442434858,1.0744450294463233,1.0952128797335574,0.808124080547065,1.1624883964403492,1.0600125419675221,1.5508518775141713,1.1272790671780606,0.23091335150151412,0.8366813036547264,0.2815285555678363,0.5709402850348435,0.8258894301764433,0.5647170758992045,0.577969814761657,0.8317048620571542,1.0615963101947812,0.4158686491034879,0.6831466305786559,0.9914646734054329,1.4114505423230255,0.7006230254774678,1.1825367922217507,0.8212005762888062,0.9744342829599445,0.573520756266513,1.147690229852609,1.1168716949323472,1.162710709240455,0.5554225365267699,0.8028887696228257,0.6508768863205607,1.5607911205987883,0.7395355720339367,0.4595390384711345,1.1634531751051793,1.542132877778619,1.3687084852219047,1.5657834171077134,1.3068398122224083,0.7019954033041563,0.576928505325545,0.9294397676722904,0.831047974406929,1.4016309485069203,0.9783050349148551,0.07253691681123074,0.9867465057546425,0.5786381341631185,0.2402144081584714,1.2370875573380202,0.9644704823226683,1.0615299119421304,0.5862180536562827,0.33350627294519936,0.5803538280730407,0.11040295301538293,0.615292130235632,1.193382735426503,1.3513792575935717,0.7193524613500362,0.5610056214239351,1.3029532695831412,0.8847424163588491,0.8731288366741642,0.9019208826497831,0.6648798284654447,1.1229709514323767,0.1134426325849454,0.7997479923967349,1.1792440318111828,0.6206804947545904,1.1938417274308373,1.0824048316256285,1.5068331449302306,0.3021599386876604,0.7588753353538511,1.3603404668619126,0.5203146066146369,0.3396691968485566,1.34361546586219,1.2669154565337637,1.6259485131688667,1.0672920643798793,0.833572591298883,0.10362673609672328,0.3003318536340384,1.2960378514888198,0.8986723103264136,0.9120866261630342,0.906503881130401,1.0578687401395632,1.0839193194856387,1.1923869361595916,0.6052596964972146,0.9526332068140316,0.2911978140643991,1.615368094114516,0.7500377438645759,1.203923314783423,1.2858306561751374,0.7438208860557883,1.4216353705419658,1.5801984910616544,0.8760664459537998,0.7850318089329312,0.8144671312238309,0.8524779498790577,0.9451297080026012,0.6516512077489205,1.0688514387068981,0.45185951255029405,0.9842417088305435,0.2648145719655302,1.1626576663979982,0.7716006620326196,0.3605203322485394,0.7534323448798195,0.7382853042688349,0.20024346413520877,0.9801995808627669,0.5336840693035024,1.0133849114979063,0.913719958489749,0.4694674299415302,1.375363881135638,0.8335079310995374,1.2997624435319417,0.9745852446012767,1.1796186530304882,0.9453617397607856,0.0,1.1313001245506997,0.07888604909622193,1.7578277933118729,0.7880472615929341,1.1658015487153608,1.4501305022891433,1.4695108994070079,0.6630484275443884,0.996798422721837,1.1726859070747786,0.7580347116552444,0.6593098860529235,0.8060006295936288,0.8871248259316589,1.3712494368327284,1.3688997669894667,0.18256384543999618,0.46977534068467286,0.5275426619033667,1.6228302465901339,0.7554962088626725,1.3086981983107504,1.1180911139302763,0.9147126654634026,1.7315957742174615,0.8218826324578576,0.6880338593015418,0.5768999078547422,0.43386868598975253,1.4317239649278686,1.473327517188849,0.426772966347901,1.097525705326435,0.9119127128153329,0.5557474432714157,1.0552155645940393
1.1945803121129877,0.5471072918350388,0.9993227583415354,0.3599647609781839,0.6563006422162954,0.9348660480853396,1.0998367067347425,0.4894976387288945,0.7942051472267722,1.1839995793916374,1.5177062269671575,0.3300373878090022,1.0992751479711043,0.16639162003658645,0.3139954002524157,0.45906806792899507,1.2698161236629668,1.1348835113350817,0.45788474721371764,0.7868344883872489,0.07795263904138465,0.670251495246781,0.16926700514854948,0.7550453812499459,0.4190405374483453,1.2561647278700108,0.24788261032273973,0.6030707824646929,0.6770115765028657,0.8273427672012592,1.2545940530353572,0.34162837652489125,0.6650330685697317,0.6167061240311428,1.5185888097027271,0.6401001900535503,0.6439478848188155,0.5649215178800215,0.5671387463639915,0.6456523903623745,0.7933466864779329,1.1598706273307844,0.8548385547600897,0.8564826408752755,0.6802809632569438,0.7289959380436191,0.7307734384688214,0.734147221071008,0.29982965044405147,0.7497866202069882,0.7206422406878332,1.0538385947225293,1.4265963255750913,0.3769759951617981,0.9297475895976876,0.1932865712693859,0.36206435594754466,0.5794006246000772,1.279946793611338,1.0515933512693947,0.434118636996879,0.34087803482976614,1.1985144685400315,1.3689303862206985,1.1857779747793071,0.6972334548162493,0.981878104397492,1.1430383985555908,1.0864580572034621,0.7599223048497358,0.2651742926508594,0.5328720887045981,0.17688157330337848,0.43640727950492675,1.0421407187459157,1.1313878498604502,0.4212626138512167,0.6920514821225753,0.19036091771419153,1.0588901971879658,1.2759040886539263,1.2119104939937433,1.0595590289406194,1.2294951190265175,0.8737084281088557,0.9906640436520298,1.021111901617895,0.9672140929502439,0.7420191106171956,1.0744102057770446,0.5175698942049175,0.16062951084344973,0.6066712574527549,0.8651120200525672,0.8666968023828703,0.5713241912624112,1.6095312530769612,1.200502408294247,1.2899506760113197,0.5413719951728946,0.07744486382747959,1.0305175354151201,0.5176992337199551,0.5272509934996639,0.6821579327067728,0.2269769367296004,0.419761725693992,0.5012208689387364,0.8535167791804185,0.7830460332460805,0.37288604950949467,1.216265352478601,0.8005295878600628,0.5104937022004363,0.5507181368207611,0.6308926557160613,0.22760722592111332,0.4188217713690419,1.2064681073552224,0.8309685974146385,0.2345072287427152,1.1088701093991384,1.1793038685231616,1.3954775899479253,0.2557738140096257,0.8346351273009197,0.7100189448571286,1.1277949299773031,1.141103107016834,1.0612616395783416,0.6232500741411309,0.9619547623186617,0.7114328361032765,0.15548196050457525,0.9650476286340053,0.5498428058853646,0.7642193140791544,1.1183799201553333,0.8564197056026703,0.4553484073492451,0.5551759547450222,0.963066072928093,1.1588757629030886,0.5852588965794836,1.2474221396385416,1.2672407654690794,0.8896979057913641,0.7810793228826914,1.4800142417746243,1.3607811083502748,0.616187564000353,0.3951569992529692,0.9991805393665573,0.9922669386433433,0.9651795448210299,0.12658556677702978,1.1802788165526021,1.0760184180534162,0.5611048358478122,1.445175003419955,0.8555927201426623,1.5424478017251908,0.056825293149107954,1.4498914096902797,1.1313001245506997,0.0,1.0531449084940459,0.8962313581814928,0.8486629723978161,0.7552888331732277,0.4285929087915461,0.670750101812099,1.1416835970658235,0.9442227945512512,0.3821094364133178,1.5562021320814516,1.1397361708805327,0.9685275449236332,0.36423518004371547,0.4963325792894563,0.6686663032289955,1.2125992506150287,1.2281157889411478,0.7199851564820476,0.7142316314573695,0.5088403946910499,0.38314740548889453,1.2757299342408535,0.27795751499191634,0.8607342396480595,1.034280917533882,1.4079716497027,0.8851856984544243,0.6975138757505015,0.3126759259851439,0.7485855216515156,0.9664064053228035,0.5914871775816947,0.2267896076580796,0.5854751727957382,0.6633147492354661
0.5752520976533845,0.690248683279811,0.9852757627996679,1.2347222145617038,0.5501974922044874,0.8303912177862304,0.1260126887727478,1.3672249360960298,0.7179113657490274,0.4256729887578517,0.9248585199485837,1.1470072544216419,1.13554084420185,1.046133500613678,0.7864805017961343,1.4046313783028361,0.34823000648187996,1.2233449664248457,1.4503672797264375,0.44726820206161944,0.9791402403096572,0.6029782819810934,0.9597089110836341,1.4564327910833537,1.4172991271497883,1.0735282547616265,0.826353464545422,0.9183785971623135,0.9124468542817987,0.43082982575876927,0.2866889838045902,1.0989218452128817,0.8688905518990423,1.306493406366308,1.062833378507051,1.0368684044368834,0.7507614318165954,1.0891797279901088,0.9984066744975125,1.474370841171809,1.062469774246767,0.2358195074539345,0.7955526650017396,0.2081755847153644,0.5086040605337999,0.7748627054165645,0.5079166732056725,0.5090768618625726,0.7534368448874365,1.009825078827009,0.33698391927251964,0.6450407737125506,0.9762666251472095,1.3327606849467175,0.6500474663129643,1.103688526193341,0.7424865339922734,0.9025083252089083,0.5703815409936777,1.0958592673592171,1.040770166011811,1.0914472935494286,0.541127335321412,0.7942108960667759,0.6293852641001391,1.4940109571653857,0.7117583757786952,0.4419242668739896,1.113256932659001,1.4786525612128514,1.289878001396531,1.4923222165314176,1.2288872521862337,0.62523666660156,0.540139852805598,0.8904259118074217,0.7534848248530854,1.328696623686259,0.8994430558788075,0.01560044765088641,0.95763482318792,0.5648621847482289,0.21097475424505963,1.1933920233157547,0.9226839913508735,1.0084035332415782,0.5466514866221098,0.28365553694996426,0.5121845353801346,0.10391872645482562,0.5367193250137081,1.1144973021552311,1.2867039650148044,0.6631823885834728,0.5208777389183654,1.2283563640250064,0.8988041019127891,0.8425180991767717,0.8785085897846402,0.5948238937103719,1.0442536469819137,0.06456294882088033,0.7337685717010535,1.1048340356237998,0.5614259189988857,1.1150910169331814,1.0143060834994357,1.4340697767844401,0.23500808430030176,0.7120700195598044,1.2870837633293202,0.5111625904789185,0.2660665108397711,1.2753585030678543,1.2017549816502786,1.5542902601379556,0.9930056684985974,0.7559876315158721,0.16384385974951607,0.22238400134056763,1.2171535968485105,0.8588877774631835,0.8778478311526449,0.8936574360882256,0.9843082441250451,1.021736232064336,1.1232978253292105,0.5784929924500197,0.9135543677344966,0.28311413466234336,1.543769222196084,0.7200221057420545,1.1473242182823253,1.2075206754780825,0.6958227708598242,1.3530032557170468,1.5059318369600925,0.8378937853851766,0.7279115611082204,0.745140321015735,0.7792194488414397,0.9106406414046937,0.6267552622451427,0.9968039775755395,0.4539411190112179,0.9544873483731855,0.18911089355553992,1.0967538435683,0.7795471062065655,0.4006025170994518,0.6815376276629703,0.6597289488353638,0.16433567806612717,0.9470404823958065,0.4877315891880205,0.9348328466743334,0.8794987929918804,0.44018648290909784,1.3083004434654406,0.8316470447710321,1.2343056267904415,0.9727654209462697,1.101775795294248,0.9356635444161224,0.07888604909622193,1.0531449084940459,0.0,1.692840650979932,0.73035427113775,1.1123305338967102,1.3764508351814808,1.3948949067457352,0.6355524359268946,0.9594719418352742,1.1026576396878387,0.7779901870433142,0.6317412116574913,0.7754404265812647,0.8090758878033714,1.3018659075782388,1.2958571476096516,0.21663700764533983,0.46662154996788696,0.46690691723447925,1.5547113976282763,0.6791685126702134,1.2367974363170653,1.082760286955922,0.8358958810646558,1.665982532133237,0.7781732008066409,0.6938200673349019,0.5220251292553972,0.3556311220858298,1.3544931177507495,1.411488791711125,0.39905156970097366,1.0367354349746443,0.83326821653294,0.4801049019590378,0.985964943311181
2.0169117674454977,1.002654882292765,0.9947245854268221,0.5423594830286047,1.4895291319122395,1.0689679376877486,1.7853255305409002,1.213575997189968,1.059773169340522,1.9646427828009383,2.369536548521452,0.6038856901263432,1.9943194712746157,0.770462937456881,1.1729245093346992,0.4577826805190154,1.998277047524666,2.0259847243391143,0.5136677960785966,1.2680904168603038,0.9555589389787651,1.5226064466760036,1.0644052225957594,1.5183725880025156,1.0190242963784668,2.1503103805692345,1.1005476047111278,0.7918427179589254,1.573215118157776,1.6346665424789195,1.9591224975185642,0.6319852412259408,0.8610506002152979,0.3866050486502348,2.394828543606547,0.6845198218192945,0.9627522553458457,1.4429369066378923,0.7027911820932317,1.349057683485148,1.6844633263695683,1.8759986180208348,1.0350557557735642,1.4882661627217115,1.1871781120115854,0.9757418169071032,1.1998261373305001,1.56153590404979,1.0842712540549448,0.7673213399113324,1.4295780581209636,1.9076942110482003,2.3000824445551324,1.0757366406235584,1.7923234506521541,1.0507876646164303,1.2126978686254672,1.4756008258790463,2.0861655687316074,1.947122447165308,1.317846181708064,0.6381966702791518,2.011129420867613,2.2165159296540957,2.0226268377474788,0.20901669827197422,1.2037173753668036,1.9359062661321385,1.9820086381933426,0.22142954679757676,0.9325628292934673,0.4207414788419793,0.8013143748939795,1.1323342503068343,1.873595520911191,2.0171618872146113,1.2929442844667154,1.5061956638085512,1.0697337397124742,1.691287951790928,2.1600306857978544,2.0288230854696514,1.7864924011981642,2.12510157957877,0.9385912030011597,1.8868666788164925,1.8558826924574456,1.726291174027042,1.5711652687252797,1.6634269671122062,1.255824372652105,1.0092913550315503,0.4064724575006743,1.732561268517265,1.255865440091435,1.4072532755526361,2.436434358393963,2.0758171222107786,2.1626570165411994,1.1033924650172344,0.9686373842024776,1.6443867134620591,0.9591021215250545,1.3997299477496672,1.1408651811372332,1.079355768346832,0.6842484512980701,0.41511443759078853,1.4578833038434509,1.0581257913644522,0.5234425436079347,2.0172879990822046,1.4329045100586548,0.4319066884320117,0.4910890933874219,0.31391832655827967,0.7760932919680502,1.2909757598342304,1.8561095888463939,1.4942334320486153,0.9999193377060253,1.9924748380086723,2.060811435568469,2.2590326291261777,0.7689708597314587,1.729440597669641,1.5893687024668692,1.959766510261545,2.0286520856386665,1.5557155358183918,0.3151462699564902,1.1801813601030735,0.5994236214577767,0.8476272395882767,1.8340764200499897,0.3639064213796386,1.4982172696138623,1.99892680748111,1.7348241983367205,0.9535178701518844,1.4418763527285303,1.0258364358190089,1.9984642500476553,1.477575872450428,2.0238116659456926,2.151609539092942,1.59103829850738,1.6681006928586373,2.303334742848957,2.0753695623641035,1.4861266163006177,1.1668208691328474,1.5692397203990722,1.0216215192032052,1.7887795917787657,0.9964041329651349,2.061919837995709,1.877412795671932,0.39046556231001295,2.2886561842253004,1.7247402928517503,2.400191727857843,0.8463424326185832,2.3139329694128925,1.7578277933118729,0.8962313581814928,1.692840650979932,0.0,1.727641611195766,0.6643539084503216,0.4837792140891547,1.44395348750348,1.985213504663014,0.9656105832281503,0.6129174425445805,2.359675892689998,1.9826424499069377,1.1426445103397924,1.2453608123227247,0.4212340740409332,1.492647472202408,1.8986916695500553,2.0130394580565203,1.2314204588160047,0.18353625893516773,1.36804049881071,0.5241807828768288,2.1697372776038852,1.1524039306576908,0.03593239769870938,1.9120482821971698,2.222944685628856,1.7206968189021645,1.3859533614330233,0.696385886844643,0.30213774760063733,1.4072722367809904,0.6691070158418991,1.063705966546536,1.2433916955937396,1.5574966396580259
0.43180536764921335,0.9226243779805435,1.4275117869116576,1.1859890918324072,0.2930315495997869,1.2893853937558897,0.66698362061473,0.8775065139261935,1.1261541660280565,0.5169327151641514,0.6818987522887656,1.1261348703248066,0.4201480578595489,0.9572015203941454,0.554833270302612,1.3070135654467097,0.6826557068437807,0.5030832336910214,1.3036538616519822,0.8958381841486773,0.7792831104544237,0.23250654005362614,0.6820120037426102,0.8370286387718066,1.0191377274037325,0.45315318995494436,0.6271249256483676,1.1526587634739753,0.2663930530582338,0.30418587393202295,0.717967009188492,1.1070533383938805,1.156199407575127,1.3922663701522877,0.6701422045028712,1.2559214785212076,1.0515224373973249,0.501385046642078,1.1857845962509648,0.9229676037866256,0.36042786151605505,0.6381876919416895,1.2196063263658259,0.6888527106486703,0.8567143695285475,1.1273504935595116,0.9041936633326747,0.26552370646672596,0.6579073971935093,1.303931845796034,0.5491741000301746,0.2428612808387157,0.577973383667182,0.915671120227234,0.12226669535296712,0.7596138107447008,0.5170216393153403,0.328147625629057,0.5351147806542845,0.37506704064117335,0.5385913111848609,1.1020849988411907,0.45635428511785797,0.5426251103548076,0.39316550245670684,1.520819884297866,1.2322571943872247,0.46147733349288556,0.3982437648728842,1.560027681987995,0.9587159907252373,1.3814195006525245,0.9964173459712788,0.6759666195083209,0.2957595806290986,0.2926117589512351,0.43476658481473224,0.7069336995752953,0.6624413298828146,0.7453902707943043,0.43289474966853875,0.4575662899429348,0.5648110179015278,0.5080365621880337,1.3178709743583783,0.28517284032759177,0.27260026392633074,0.4561859290438191,0.2567438214996853,0.8237182908017306,0.5685412094322633,0.7940646866474436,1.376523455221992,0.07091662615307108,1.0207420687800912,0.6502378490808135,0.7995991154764516,0.351864927148664,0.44164604596803214,0.8060771692462047,0.7888784002304302,0.7656025842608929,0.9407579471505061,0.5399554811198423,0.9131944375069447,0.7475135275125502,1.102815948620532,1.3485826572045103,0.7332504357189773,1.1146111521088073,1.2125313060535212,0.4954450128464573,0.6820010415813854,1.3078222133794113,1.298339946324455,1.478946308129764,0.9579326973540897,0.436781185332866,0.7879675938632851,0.6310615121610306,0.8663402280710304,0.26576419647363003,0.33316991268334567,0.5513638529316465,0.9704949038581347,0.30401134864982726,0.4606777138008322,0.35648881302381036,0.3071662560975434,0.9573438085453757,1.4710203525550078,1.2271840687970266,1.366287664965847,0.9544589635447661,0.12881143224376604,1.366259832211714,0.8974733660477746,0.2713292488465678,0.008468809977279293,0.8981556418407065,0.29515262238196316,1.3590876121623823,0.3643707526719642,0.3999341595451423,0.5710231217052315,0.42462797959851895,0.5658547011923926,0.4020810400076106,0.6822301031291598,0.7726016973224675,0.24314181094648235,0.5976533474705914,0.8242536818684514,1.398790195177384,0.27763819245926297,0.7347899200782797,0.33428104282445537,0.3982435016362482,1.3562376276720292,0.6210226627895508,0.5311424235626949,0.700973896827255,0.904401693937568,0.6048797683200673,0.7880472615929341,0.8486629723978161,0.73035427113775,1.727641611195766,0.0,1.3712996671444393,1.2763148271045444,0.8011585439054862,0.34111310511222803,1.3811841169499608,1.1355501918267248,0.7825544346814047,0.3408320026515498,1.269785302097227,0.4855978306292636,1.3090724352276597,0.6785906105843437,0.7262747003465163,0.538931155126878,0.8518988251552453,1.5506003944875753,0.36369199504621974,1.2034648480738943,0.47033153451256804,0.5768701390477492,1.6932365614660607,0.18565647604869764,0.629546813046251,0.2124945892636813,0.5904939060949895,1.1380924366943994,1.5250593339019893,0.9907664519991588,1.2261534780956616,0.6644809505198958,0.6662239477223871,0.3418966928242294
1.5467501206653997,0.46589850091425933,0.3494494170119848,0.5227415854539124,1.086014246209807,0.4046709702003225,1.2223857975795684,1.235699190086815,0.4146186613193897,1.4562422569126916,1.9197737781875328,0.4740196521377353,1.7329441320699437,0.5916317385516316,0.8709736798340126,0.6482640080061779,1.4476699651420204,1.7900536485940282,0.7419048938225329,0.6656105274219543,0.7613175369695275,1.1399756682397304,0.8665571155382839,1.5103342122240033,1.112728334164931,1.8240721968785267,0.8143000354704002,0.22036950546694942,1.313059969729971,1.181956678975864,1.395579770229972,0.4335798602402848,0.24515639861475902,0.3345591684684252,1.9905620113541578,0.12107635474747834,0.3656647788646986,1.2821650833114728,0.19715629507186302,1.392922533545552,1.4663240706193716,1.325226719936979,0.3743103223682255,0.9251872570257798,0.6136072767159356,0.3411444648635049,0.6049020882061104,1.1405025273501201,0.7382090868594717,0.1080582430849201,0.923820297655253,1.4875256718118253,1.8934609087178493,1.107976129897606,1.3961687714502284,0.947730483363994,0.8885378368748836,1.224909563059548,1.594186014437824,1.6824669971521964,1.1526214434214175,0.43104987967602826,1.530539088066723,1.767515036777251,1.569936637084007,0.5214768724022414,0.5404312230262346,1.440665855461713,1.71526379146184,0.4473001790137122,0.9638282799186978,0.709378321000385,0.8025343296367906,0.6957344066611605,1.4248314750656175,1.6586536122364937,0.9812940746264842,1.4427350199690594,0.8306515322201923,1.1072217909215296,1.7882111991247536,1.55176009415943,1.2499554001966784,1.8508614650371673,0.2748176843460557,1.6032424000861556,1.412762307718459,1.2193637622673195,1.1509437681794772,1.0614823619307237,0.8104563382854016,0.9158090119221941,0.3200367200465957,1.3508506269931417,0.6210240150613312,1.3186955108942402,1.9501971474617623,1.6849880829646187,1.761060883602355,0.5878252938768401,0.8262135271270434,1.0552759437178998,0.4372491549231529,1.2536653843268508,0.5550324349420218,0.9812544849285612,0.33560216339936805,0.6432628116405001,0.8842634942107069,0.41607115588143284,0.5734006109950296,1.5243546084235193,0.8780297278729535,0.403701375193193,0.28511553662866146,0.6940546767558515,0.5290461619320952,0.9805873958383947,1.268734259002283,0.9484810288860933,0.9744134876103586,1.6285923003037572,1.6866677661161906,1.8341352402207298,0.5018458629185327,1.4854785799880836,1.4163031512861166,1.505113660799519,1.6756908436586848,0.9265499832877224,0.684089146040296,0.5172033326519271,0.073757280241735,0.8295579464129295,1.4464687638802929,0.46111565614087763,1.5181891314749483,1.625902206831115,1.3764064313619107,0.4733801475668745,1.1393219529384404,0.3664302469819298,1.5510222184386582,1.26889389161315,1.5078555564907326,1.7809898690401524,1.0568268702814032,1.4675468164431547,1.8185781546449864,1.5114930553404675,1.1379738248499074,0.7769519163721804,0.967077307753116,0.3688649836874912,1.337846123750754,0.7732487712260512,1.6880873551404916,1.3949046462360433,0.3911271530034178,1.8302066978405258,1.5688248767209407,1.9587053367454634,0.7418337589783707,1.8873657690099825,1.1658015487153608,0.7552888331732277,1.1123305338967102,0.6643539084503216,1.3712996671444393,0.0,0.6407837783234391,1.4260353759838953,1.5440936172146422,0.31019795247470766,0.3935102316642893,1.851260329166752,1.5408270068429828,0.4783266516773521,0.9623920192063689,0.4508875960752615,1.4172669761401655,1.3280565298319804,1.5052253995175533,0.649863854536536,0.600905939779027,1.0208791897607992,0.49885325846148365,1.8415150023529177,0.8795858131004425,0.6495604931696038,1.537712356752232,1.732710742462026,1.290962902653816,0.873927723505386,0.810088253124507,0.36331817792777094,0.7730178786668227,0.16516771408189168,0.7750001044561093,0.7433269265068287,1.3311579003789227
1.6051530563715553,0.7282074159578383,0.9764646213000963,0.15065454009737017,1.066375245934115,0.9789079015340535,1.4472099591041963,0.7429813512476807,0.8949469925585699,1.5771743182065703,1.9397920374127753,0.23950120450601572,1.516685795267834,0.3425673006633017,0.7302587350936339,0.030928714229017624,1.6405832247776628,1.5452003181196454,0.10193151079222096,1.0113603367321438,0.4973017074674541,1.0886659592918335,0.5975066156123854,1.0475128302760206,0.56211801685051,1.682790914639279,0.6587859149196004,0.6192336546870435,1.1009570859271576,1.2280771525749856,1.6140088203558485,0.2951844801126329,0.7017729934941589,0.3413925852959004,1.9464471111890043,0.5723822816035284,0.753820220571438,0.9601394894985306,0.534289546321188,0.8874272081786164,1.2043428024718208,1.5232051528853892,0.9146563789835221,1.1688061490763282,0.9104259606601909,0.8091300097778131,0.9433536531010969,1.1426580130769173,0.670439482166511,0.6973181774944586,1.0690850755798644,1.475148741150616,1.8539283511176246,0.6033664696276887,1.3533594346268565,0.5684882222024106,0.7751764988524579,1.0036906084089232,1.684698465610528,1.4703718092989955,0.8366289483136327,0.30262078755221333,1.605266529694482,1.7893175532009484,1.6017704361429772,0.30925616347187845,1.0785386680265552,1.541094021811883,1.5052398866722865,0.4053636625594123,0.4549438525888922,0.11631566647057485,0.31753557265417914,0.7606089128712089,1.4552609037356183,1.559977864166164,0.8449643743554844,1.0263445588808497,0.6143171430023608,1.3786534117397158,1.704464303057841,1.620469959798809,1.4262670577309273,1.648227132072077,0.8715986621589028,1.413906448558606,1.435374330529521,1.3476297066790897,1.1514074136324999,1.3724561745322115,0.8733177800631701,0.5270260299120202,0.34570508463988303,1.289954614394376,1.0456228380494685,0.9244247003510649,2.023742165431055,1.6279411958268075,1.7169896962120519,0.7906692070776268,0.49526698291742144,1.3399051924209129,0.6840086894210087,0.9164665314989897,0.8836213682459471,0.5963029624548989,0.4157150965812817,0.07276361314256481,1.150900471972506,0.8878569052788527,0.091817830335667,1.6184150691200179,1.110685252083977,0.24061128556240163,0.35583453785605806,0.20266131784266572,0.3840983468543526,0.8426824488259691,1.5385927905620063,1.1591256685080595,0.5171081020366818,1.5373620004089845,1.6076409564827818,1.8205660557197056,0.3922619873850327,1.2520308910368412,1.1063946409078336,1.5416612561825982,1.5696645142305439,1.3095087841761632,0.1947373703488917,1.054797409957143,0.5705297972259777,0.3638799292538427,1.3906371730697689,0.21167653215279017,1.0333959427160562,1.5465701217759267,1.2839738638129823,0.6485166883235157,0.9836148864048596,0.9717400272301739,1.5757249178573345,0.9988235416523057,1.6393886760971208,1.6958089867178099,1.2397590730246684,1.1864623394672698,1.892443267658606,1.726397042771222,1.040695893928956,0.7640422503608604,1.2845879404351006,0.9865315573199483,1.3745455145194445,0.543105091575063,1.608630067685305,1.477072728599745,0.2697393267364398,1.8644696619999575,1.2409701234449442,1.9662649652239998,0.3743750988953515,1.875192095363803,1.4501305022891433,0.4285929087915461,1.3764508351814808,0.4837792140891547,1.2763148271045444,0.6407837783234391,0.0,0.969985581422715,1.5598524358035777,0.9282842561219897,0.31065321282351827,1.9615192371046648,1.5576760791591846,1.0380042949185362,0.7908463658671977,0.1949822543014648,1.0114469257069836,1.5625340523118711,1.62357702957547,0.9564171072177142,0.30080443905629783,0.9284053679702099,0.16105025566584646,1.702440495797673,0.7010899290761152,0.44785847350287883,1.461969448841623,1.8169389813711463,1.2987211552054974,1.033767308015244,0.22527440679125776,0.43397788707676105,1.1810175322092484,0.5275127742182413,0.6270378041132432,0.8979124384324563,1.079903930242265
1.2325526811086944,1.1519020815453902,1.6528342483451823,0.9797062214729164,0.847629390797556,1.5680674277043019,1.380911081800956,0.23151014981639234,1.4114930998425042,1.3087984797197034,1.422683979656179,0.9815483827130934,0.7527689405191331,0.8355218824705918,0.6834686760889448,0.991744152950814,1.4601755142883457,0.7337771029127359,0.9306678305997397,1.3146500538837391,0.6728975333573318,0.8042101759653157,0.5855967840445035,0.08435258124317037,0.43595953548259986,0.9874573028699727,0.6943922416212619,1.2645997330902885,0.5364526178037378,1.0016506395494968,1.4802741417452772,1.005205711853959,1.31791515643071,1.2557072103426625,1.3355744823713043,1.3102970792007955,1.272327729209862,0.3123245618474123,1.2365165831183458,0.14615109239801172,0.4822078219050794,1.389225293923477,1.4864518386480898,1.2556041209389723,1.2217866373285062,1.3618324850087156,1.2792901051470935,0.9025730011090305,0.8003440323266906,1.4166608126284812,1.0839251285058888,1.0403547857930513,1.2678903846303604,0.3682331412049107,0.9232151410163095,0.47882718652732587,0.7076351327342949,0.5053087706339007,1.3360899989524953,0.7254313015475485,0.36224125979993743,1.0056684899748851,1.2574541638409509,1.3086315743332666,1.189789330491572,1.2789283189726115,1.5856133419994636,1.2543229687322606,0.7535787800576622,1.3681100679868416,0.5151715144946266,1.0240222822189038,0.6668320009006321,0.94013464501289,1.09456870537222,0.961432817833609,0.6588176619870791,0.10780462761800759,0.6411614492326106,1.406663990483117,1.0880437305547648,1.2585757806826408,1.2970479470213512,0.8736671722547509,1.5261521305554693,0.72281583772466,1.0708477631557736,1.1817689605631703,0.9029347276555308,1.4592436372771718,0.9359192683472232,0.510335385371659,1.249778018691128,0.8626985085996168,1.424294586360157,0.16655865257509578,1.5687085401477805,1.072292061588061,1.1563213298009893,1.0956712936767514,0.601184392133612,1.4024202240375645,1.1362238699553422,0.29035685189352783,1.248448284292177,0.44559466524677427,1.0904741629697474,1.0324248733144195,1.2778327212349516,1.3992911791825777,0.9636909309179328,1.2956658963887613,1.215464782069046,1.1425174071064166,1.2074587999276916,1.1329053221127725,0.8975729692725166,0.6568233977330373,1.5060390631775271,1.2068722102919807,0.46659672425226156,0.9575529817755539,1.0245958721417028,1.2798754312652063,0.9253117391770613,0.5556828537786531,0.353330246232218,1.1574240719325304,0.9568733990739946,1.521565437811161,1.1302701776422097,1.569394760319917,1.3811742501933315,0.6259998696533514,0.9227834541268457,1.1577996834796156,0.11263672109987158,0.9821094573479812,0.8088969893838874,1.0711483059991245,0.6187163046153882,1.6082368731031849,1.1615087567788993,0.41376556435671824,1.3666973054341585,1.0794361006997488,1.2057840894417342,0.43945774359842676,1.4651147556596698,1.5542372239034548,0.7210548963391621,0.8443490771865315,1.416151170299401,1.6409553059758994,1.0584005789689606,0.6745528860506245,1.0246387428131052,1.1866678333608776,1.1902881442363713,1.3845039783628217,0.38815083688274743,1.4257790663398622,0.6886362082385903,1.3244624457208112,1.4695108994070079,0.670750101812099,1.3948949067457352,1.44395348750348,0.8011585439054862,1.4260353759838953,0.969985581422715,0.0,1.1373656246087513,1.597729361602535,1.046515687376649,1.5736057438838713,1.137614452505098,1.5879530447117867,0.6184445806792325,1.1148083926877193,0.12693934754427325,1.4694245083874593,1.3359613153157595,1.2477084136168721,1.2657761034409019,0.7189545742844999,1.0069930150246236,1.005840644589986,0.6432128732809494,1.4086795157739591,0.9332000443175456,1.4229879070176004,0.9750433428903867,1.0921635255093596,0.748459645023618,1.378196808114196,1.4780510601986427,1.262031409448471,0.7203254422218155,1.0534740422593571,0.4593630196499085
0.10708545589502072,1.0783283570731053,1.5258844287843343,1.4527277516394976,0.4962951890695703,1.375134103606477,0.52712953269347,1.2181955355057588,1.226682404366874,0.25576222652465297,0.3846257057973571,1.382377260065847,0.5868227896580835,1.2247804865399383,0.8303248659936188,1.5907793096020988,0.43371030547929884,0.6754177898710028,1.5993309906277968,0.9597096518328047,1.0668555532644723,0.4717683570389773,0.9834192582199193,1.1675612466277363,1.3541723860428896,0.4551142851492731,0.9011991538636405,1.3247096310846629,0.6065917337568212,0.3627179310146117,0.4938368441149843,1.3536720930740824,1.3081952000057258,1.6260390340167203,0.45409611574466396,1.4388116265763002,1.1915139299305162,0.8420793422125236,1.3767742403840524,1.2626101900689075,0.6733833042302922,0.4481105879283357,1.3181983582912975,0.6963674946851668,0.9585124072467097,1.2515009298073883,0.9915920656510466,0.4237831518858388,0.9014343312930293,1.4605130287054309,0.6278309780429935,0.09825915590069466,0.3590866401769166,1.2513713622895442,0.2254293193166927,1.0801924790387452,0.7847091938031202,0.6674838177229084,0.20694838672609187,0.5633267212951351,0.8763393562325571,1.3476899469771855,0.14481475278888942,0.23130420213224462,0.05242831565737365,1.7762237779575063,1.2859590075125242,0.21124032273625631,0.5665985426100946,1.7999538890681093,1.2831852846173246,1.6704124483060625,1.3025867692910185,0.8682723490628474,0.11959444107203153,0.2888023295868212,0.7210746508880199,1.0395372550364093,0.9513276083671355,0.6508085027299548,0.3237071960038547,0.13451994311909712,0.42578403420968347,0.6022376498989794,1.433417555666556,0.49620266800002827,0.13194248159175534,0.3715844756533116,0.41407762916476387,0.7394711339449298,0.7446251500487123,1.1113201575695955,1.6084906378181625,0.2929170230692058,1.0730573454903205,0.9901183862290459,0.4699928685637909,0.2111666772998963,0.24476229089112694,0.9563071857468582,1.0913347404466995,0.6915981462868127,1.107852734750684,0.881059064910977,1.0202527242806092,1.0720469330257612,1.32351695862553,1.630373711382497,0.7468753611985034,1.2169002166616305,1.4873386352247773,0.19252958645583168,0.7177142163330786,1.5552935374648293,1.5253403091119309,1.7613072448357188,1.2095325737165732,0.7236067678943379,0.6191745825690457,0.6479738302016101,1.1917226551741908,0.2640469946375669,0.25593354502813115,0.2908966135873334,1.2163091800408758,0.6049104997392616,0.7892518142956739,0.05784961127199617,0.31082837047561274,0.9119040930564749,1.752541822170845,1.2873286836385625,1.5537460391539577,1.2636670007668653,0.21488070072647475,1.6213646985335957,1.2294973779908382,0.23572641684493975,0.3328495008523518,1.0813151726014312,0.6127448203513692,1.4523276712209983,0.024674870220792598,0.7409951218208001,0.2850319032246278,0.3213336183014547,0.5446811121633442,0.7175935858860489,0.3454127932074465,0.5053155031864315,0.5296667296546476,0.8192615088105295,0.7792205433487647,1.4918270022346733,0.20625695323484544,1.0191908375105747,0.2574792488467905,0.19536596278739438,1.6006339418109379,0.30474546358160537,0.8309838592021002,0.4182075658730631,1.1984924661914267,0.3434260097352067,0.6630484275443884,1.1416835970658235,0.6355524359268946,1.985213504663014,0.34111310511222803,1.5440936172146422,1.5598524358035777,1.1373656246087513,0.0,1.487390188160842,1.3758745636730418,0.44160752589525315,0.0038342334592236043,1.337920611904249,0.7810994017359474,1.5641199623854414,1.012766291662475,0.5323759010649044,0.25112081941370545,0.9375640791306907,1.8155501690086335,0.633024379074201,1.4665001074878343,0.46072141023985747,0.8637294065442062,1.9523179474518728,0.22451372798907224,0.2884504211807695,0.26455464318163685,0.6781440269729462,1.4451052946941565,1.7538569870816185,0.9955857566284638,1.4183909132069465,0.9331075767778968,0.8010082665793739,0.6801143291322754
1.4686546447961981,0.4762937051491012,0.0552023318246331,0.7947601898482818,1.0882357329067147,0.13421174214159065,1.0813325194621208,1.43339670302858,0.26090185475381816,1.3523153286521725,1.8422895146855731,0.7279031941389699,1.777988650301441,0.7979274564815213,0.9641101704898076,0.939970436522308,1.30737821895435,1.846089623373257,1.0302049627969052,0.5326767327015202,0.9267632429738776,1.1511734295425224,1.0138064790774874,1.6813568186682006,1.3415315840919246,1.8289090460252648,0.9251348132829029,0.343731450147213,1.3827704519740076,1.1396161983495472,1.2453028551635756,0.6766563814062848,0.2802442465428034,0.6431784651151954,1.9414775177909667,0.3560479421909231,0.3427733527777316,1.403555481264582,0.4050183652132369,1.5887203275227113,1.5477020968719462,1.19046137021693,0.16956266583843296,0.8071135391089072,0.532336400687726,0.25728687347991613,0.4958054815501838,1.125145874376092,0.8279464964586142,0.23121343447775355,0.8631785479503771,1.4484382711549155,1.8460050322424633,1.3182364248447505,1.3787254203120174,1.1249506178408206,0.966140307476978,1.306556213533816,1.49727547885795,1.7280424827416703,1.2825084764749706,0.6717546417923655,1.4452596840516738,1.6957224996459261,1.503676299315735,0.8315799154960509,0.2764194231534062,1.3482310725469164,1.7582023494451422,0.7534330385262159,1.1862148404028674,1.008001602166804,1.0337097964339008,0.7314411123872321,1.3688919971265834,1.6511768920198884,1.053854866223969,1.5956460619955035,0.963494852055345,0.9507207300180494,1.7668998866271262,1.468207773296008,1.1326692469738515,1.8840322365466882,0.07167032362169252,1.6423090170255126,1.3616321057680842,1.130389059537035,1.1352306326367343,0.8867516284196263,0.8174054380313268,1.100517090984331,0.6276356428586284,1.345903587235825,0.43868489498236574,1.4689909470594902,1.8455383865855939,1.6558869721711238,1.7217731036993653,0.5801091533151382,1.0034677597588386,0.8964470218055681,0.47600590062984005,1.3838772600676372,0.4720761439759831,1.156661522820311,0.5530628003974386,0.9403830712944006,0.7586464089428478,0.27112657543983637,0.8511304524283428,1.4297332754970657,0.7742332987769248,0.7008241835798021,0.5808582697090185,1.001039170052881,0.7226131744600613,1.053970224875525,1.0997379443249107,0.8463754100303649,1.1772949235756613,1.619199104612114,1.668159137610038,1.7765944994464606,0.6942435280083905,1.5524207351029287,1.5227940488165288,1.4405588380779788,1.6708385141556727,0.7224959570235244,0.9908432665618591,0.25837311779998057,0.38303279321756223,1.0513436299421381,1.4316113219427686,0.7649963964736896,1.6992237515712783,1.6108977753150941,1.3846515869021503,0.5375997183616408,1.2000532187587902,0.06331812547054276,1.4894517621135115,1.3684548686131903,1.395290403403934,1.7607161790518044,0.95579046512725,1.5576279594831541,1.7189738866797992,1.3563175551571443,1.1715496074467413,0.8306920603055822,0.7986562075251544,0.059135331442323226,1.285556243085541,0.9233017095429458,1.6697120804610597,1.3150375437209227,0.6953454256065345,1.7494842988041586,1.6746327372458234,1.8857626565583687,0.9468720159224956,1.826861292478578,0.996798422721837,0.9442227945512512,0.9594719418352742,0.9656105832281503,1.3811841169499608,0.31019795247470766,0.9282842561219897,1.597729361602535,1.487390188160842,0.0,0.6428520767813752,1.7325097633702191,1.4837874847410735,0.20534289710668027,1.053582697831756,0.7475016208899814,1.566784891350264,1.173799504317812,1.3995028122673268,0.5498945265994579,0.9110717047834558,1.067289586067002,0.7746748590924188,1.844508605115735,0.9875573397998372,0.9536562244488145,1.5263156780223501,1.6318492389051658,1.2573151880373732,0.8138800010906239,1.0700966032184231,0.6687556573346135,0.5724617554202296,0.40267987238875425,0.8912508770070294,0.7152472474583527,1.417229254310376
1.404657145652615,0.42804955331846317,0.6946912942622284,0.16172208424837187,0.8822474321393923,0.6775421963741733,1.1857680575895142,0.8469611508968639,0.5848578537625698,1.3524110818976642,1.7604986058100822,0.08505317311788049,1.4450093839659048,0.21649033094646963,0.5857222474568804,0.33154847157406314,1.3925909337506508,1.4901256397555873,0.40793413093957814,0.7110843673736741,0.40907219412844653,0.9201229767330417,0.5228894650261177,1.1302889167018582,0.7192701481157028,1.5741273370847162,0.5161158905108055,0.31418385708391067,1.0169557663597932,1.022464402491626,1.3576607761770796,0.041363413432906664,0.3957074205015354,0.257083225531022,1.7951493554504774,0.29412379515439363,0.4432835050476333,0.9397142553351991,0.2379999251790603,1.0038278910271914,1.1525789789975593,1.271428149707535,0.6092549448131807,0.8948476906280571,0.6146657126078844,0.4996992752980578,0.6420861674990195,0.9522166471897598,0.4798347007227483,0.41870267352939705,0.8204167549520869,1.3013583906761241,1.699271533724424,0.716434684214586,1.1900679058183892,0.574343062693756,0.6192156510742695,0.9215555544780377,1.4732486817964046,1.3955401833442682,0.8079622450185033,0.041234326471487275,1.3983646560340106,1.6070513354449911,1.4119609608952983,0.4047851715774893,0.7701132972935161,1.323088280239363,1.4299056860386476,0.425779167670268,0.5706975056409214,0.4153349433453592,0.4090413297633312,0.5196499794148063,1.2627608259245093,1.4279354076412083,0.7065773809893203,1.073501737062549,0.5053532345047322,1.1030306930853182,1.5678975412650633,1.4162142567242266,1.1792373088292263,1.5712340122168902,0.5800647070030548,1.325450062140996,1.2456265695504605,1.11476648307139,0.9620532167195847,1.0872687949327504,0.642921985979039,0.5385173734644615,0.24223230149193645,1.1332128232104204,0.7371234612175227,0.9534166758906688,1.823888556471566,1.47749635415365,1.56221063114535,0.507937262308595,0.45826272723064904,1.0601775846059465,0.38293657496330463,0.9049662049959619,0.5816454408568009,0.6079698838838088,0.10506543009239985,0.3492202958878047,0.8705837185463617,0.5775337751912466,0.221734491307445,1.4043814163100758,0.8376157359755007,0.18102930458548208,0.17219565777945678,0.4568811503788896,0.18152511436166155,0.7050122422730591,1.266422085196979,0.8938787605292858,0.5863325773185503,1.4012562689555002,1.4670947006902775,1.6538988501912155,0.16534831906074504,1.1846101418153026,1.0819886184317302,1.348650549693817,1.4414001172187103,1.0095724966820996,0.4460707004453388,0.7465842807861105,0.338707677554927,0.4371086010626271,1.2343579889428653,0.2539899774550746,1.133624010992743,1.4049572068045233,1.142185543047826,0.35838207711787495,0.8634082010831832,0.6792666071632492,1.38833495786432,0.9461393383527286,1.4120403210716357,1.559777480549902,0.9855003749901716,1.1458766791168982,1.6907214585794264,1.472928167213743,0.8924136760584535,0.5566355673711892,0.996224671690135,0.6989197959687866,1.1773519351697768,0.4358293333592485,1.4683068353550244,1.2645091703549962,0.2247815399527983,1.6781996858612451,1.2309671027557172,1.7925807051108764,0.3578911269915854,1.7087335280075366,1.1726859070747786,0.3821094364133178,1.1026576396878387,0.6129174425445805,1.1355501918267248,0.3935102316642893,0.31065321282351827,1.046515687376649,1.3758745636730418,0.6428520767813752,0.0,1.7468966954605707,1.373192530522085,0.7327501624473226,0.6687414298431186,0.20006898692487657,1.0505941602455309,1.3005509404379958,1.4006614231432928,0.6607991534143078,0.4561539640476023,0.7719684970669172,0.15011978987849714,1.5929761341474244,0.5762298478639899,0.5816455220134966,1.316801362503269,1.6100896729491538,1.1114162025948147,0.7786969088505453,0.42747596268337984,0.3909011158041603,0.8758700181151312,0.24408204614692208,0.4763403140925611,0.6368117333919107,1.0182843441368927
0.3646793648987723,1.394094331432626,1.76101928612291,1.84290189187389,0.8999175919433815,1.6059212106178653,0.653089906142728,1.6598029678446213,1.4822400476717894,0.39760497116710375,0.2725249865526523,1.7657941028643664,0.9443591984690987,1.6202914188511661,1.242209612160415,1.9922433681083145,0.432994526747237,1.0230131924447954,2.0099807312383864,1.2052969351152778,1.4792979094582546,0.891128023993564,1.4056814265073563,1.5990031314093556,1.793296857724769,0.7345160208104019,1.3098731437220472,1.640299994508821,1.0471633772654123,0.7334437185118954,0.5041518065690384,1.7302636424632045,1.6067051747967307,1.9855179641986178,0.47153614185078396,1.7591438098038317,1.4860978314346607,1.2827648678147752,1.7066647979317582,1.7018263369461097,1.100153686060014,0.5431030563456861,1.5655617933909247,0.9319574240606056,1.2387541962038011,1.5277519282946315,1.2554561112816676,0.8221672226673907,1.2918396012938005,1.75591595414522,0.9378481609149134,0.5398274330969836,0.44371064026964563,1.690977835797196,0.6662715204273415,1.5121440868570735,1.1942803864502267,1.1089723388650836,0.2768784493741797,0.9370148084639999,1.3172592440691122,1.723642743449182,0.3576880470441544,0.28664175613428683,0.390038282399893,2.1516502162225004,1.4897465305427846,0.4238312543184449,0.9285828796712056,2.16141101109838,1.7162617730922585,2.075130730830042,1.7236927500314574,1.2273418252652801,0.5185611376588306,0.6460874365986345,1.1421641895510175,1.473279521387483,1.3670983450098504,0.7887534476798693,0.57594741228981,0.34505777904605267,0.6035400932995685,0.9082226689648001,1.6907226473358659,0.8915698167348888,0.5412642712264725,0.637512557471164,0.8141913087772533,0.8655173531342486,1.104087476428204,1.5411362552178087,1.9668005194265248,0.7331884671160394,1.2946497147361062,1.4298644182134934,0.13913752705056134,0.5293039131185165,0.4708541175436152,1.2771056136075996,1.5125502286782553,0.8424479404481967,1.4310665447635678,1.322336032831289,1.2989748891720305,1.5062288140099775,1.6803230052160134,2.029791410327063,0.9776697343886815,1.4748638409901031,1.8832180192504326,0.3436167031554655,0.9747146317529692,1.9279128373864298,1.8814016486558722,2.1597084344557422,1.5938622699688754,1.1448394471063321,0.6659162750139648,0.9033077797892293,1.6257616936467456,0.6376765385051764,0.5861652691591965,0.37047966023595574,1.5961588819184385,1.028553399235736,1.2221889076192187,0.43692538623469374,0.6600094266661014,1.049117605334606,2.1503449488140336,1.4977828206626769,1.8740711156499377,1.6871622323892737,0.6551457740440738,1.999085664369403,1.6618740786653254,0.6090119407514805,0.774246883551356,1.4191245980400995,1.0486089835016839,1.686150561523684,0.41893044814521635,1.1821931777183996,0.34342790499617404,0.5809579150780217,0.7944438130371538,1.1445442239540933,0.11961878067238826,0.4160424285492321,0.9588493547054672,1.2008549314037564,0.9422328360109238,1.7232541610041956,0.5912245700357728,1.4307135242516278,0.5868472753833807,0.4848544286896913,1.9697428699587025,0.23183442930959158,1.2461188948738158,0.3164450491048398,1.6128071055612108,0.36377771123359304,0.7580347116552444,1.5562021320814516,0.7779901870433142,2.359675892689998,0.7825544346814047,1.851260329166752,1.9615192371046648,1.5736057438838713,0.44160752589525315,1.7325097633702191,1.7468966954605707,0.0,0.44208499364547643,1.5530158767559474,1.2045704532039723,1.9428393982220185,1.4478313559084173,0.5758130892582305,0.3485464813544248,1.2058334883173858,2.1986495613880153,1.0507256536229412,1.8535085478517608,0.7282357870130558,1.2806182694762398,2.328536859588734,0.642180247895703,0.1534584881125661,0.6735619057711499,0.9853437915764695,1.8655197312314065,2.10625373153822,1.1768596255443327,1.7477671951615015,1.3375242336353017,1.1256073458613232,1.1193269788507323
0.10509806356372182,1.075045065232303,1.5222484563293646,1.450334843241213,0.49385540900515856,1.3714686576738624,0.5233886189138304,1.2177375108561284,1.223089715447466,0.25258680016460855,0.38732917013351714,1.3798688634877132,0.5893074385180647,1.2224450113728031,0.8282430029348283,1.5886022142296485,0.4306796088933112,0.6779687121323225,1.597346267454043,0.9560338699187378,1.0648433960657275,0.46973271495929453,0.9816629802598519,1.1680706458884913,1.3532560554861943,0.4585372350383897,0.8990605267726556,1.321472847581701,0.6064869195480994,0.35955980831120266,0.4905881379432343,1.3510611182771743,1.3048380553786196,1.6232501085122641,0.4577104253110294,1.4356283635359524,1.1881124280091087,0.8419318389285766,1.3736598473864114,1.2626175154645014,0.67420595418972,0.4445496080451091,1.3145853257048006,0.6926034582839673,0.9549814059304913,1.2480074689993592,0.9879925875125118,0.42116354717775695,0.898936100019618,1.457158249141527,0.6243487809617009,0.09799168345248922,0.36276054272816133,1.2504979691067035,0.2246168671861845,1.0788154589885675,0.7825565768823122,0.6669198247002415,0.2055911687116919,0.5655778245012006,0.875627141735051,1.3450692491332565,0.14240190010106632,0.2339061910349976,0.052378024546071544,1.773647877156045,1.2822107646229546,0.20779110065492484,0.5690357119986776,1.797205786745104,1.2818804788374076,1.6683071316016858,1.3008412974981378,0.865326703441711,0.11620481857624126,0.2917529730734543,0.7192162129478248,1.0399457861893475,0.9493767951661739,0.646999456436365,0.32743954570534034,0.1325999147248211,0.42199475424679694,0.6053019115574276,1.4298591838060943,0.4980897885169918,0.12889331625087397,0.3677714954962979,0.411484180172402,0.7356599372863047,0.7416345197903829,1.1098537230128807,1.6056864607860497,0.29201536887150753,1.0693286077094586,0.9900870318624846,0.4715715997128552,0.2147855542832406,0.24859437501828174,0.9530302373846206,1.0895644586970108,0.6877710674707574,1.1046331198357038,0.8807871922147698,1.016728498749015,1.0707793755797566,1.3206560999634238,1.6281618504712496,0.7431121398320845,1.213316128650764,1.4850471255650024,0.19003670643232237,0.7140172140295618,1.5526567135015983,1.5225008990918283,1.759088641158028,1.2070096731208377,0.7217537330903584,0.6156012319833393,0.644248737620954,1.1904586530236607,0.2668007161588203,0.25931059551812924,0.2943256324240667,1.2137209270213587,0.6058898528717023,0.7897470523491317,0.05416076707619916,0.3138365358593873,0.9080714188595104,1.7503116229455968,1.2835962660918367,1.5505779184902813,1.2619904557258441,0.2149753878652555,1.6188043946086832,1.2299549006947614,0.23858039084493676,0.3325899720711328,1.0782138283959202,0.6115050863140651,1.4486801809694048,0.023925887556908075,0.7407515873726438,0.2823757972519856,0.32504120611846415,0.5409048765851323,0.7183927069019996,0.3465756246928235,0.5026266268410169,0.5280375726692842,0.8165943152960854,0.7753863431945669,1.4881751282460303,0.20298091002136862,1.0171469845566339,0.2608604746901263,0.19155516892827537,1.5979573629880717,0.30703944477570133,0.8321579147428443,0.4211514894719739,1.1965486748772838,0.3467636832946645,0.6593098860529235,1.1397361708805327,0.6317412116574913,1.9826424499069377,0.3408320026515498,1.5408270068429828,1.5576760791591846,1.137614452505098,0.0038342334592236043,1.4837874847410735,1.373192530522085,0.44208499364547643,0.0,1.334204963092682,0.7793372189305674,1.561567086293967,1.0131023186748667,0.5289065055974309,0.2484206399151994,0.9339714779557851,1.8130859950489358,0.6310281853065924,1.4640582847589705,0.4642129240445168,0.8617880510394949,1.9497678992233494,0.2262050693424038,0.28883404972896737,0.2619520247912491,0.674669184415961,1.443354401495122,1.7510040847940471,0.9917737417739131,1.4152784272103676,0.9308834190266916,0.7977090372581186,0.6801758664500971
1.3090980170253963,0.4361083346815733,0.21536102216543648,0.8934993843564889,0.9811071908940078,0.0754692839089526,0.8999260470399236,1.447186273643567,0.17678094482880835,1.1825872100278445,1.6790608303738328,0.8148887540473098,1.679978893391913,0.844029776205986,0.9206416010999134,1.054477792206793,1.1233028094031694,1.7537487668543927,1.138221998363131,0.3807734535473916,0.9350944385940937,1.0471039129569,1.0045388678071956,1.6695390288588878,1.3831324304817707,1.707065395191754,0.8958502346841178,0.4191327606250962,1.3077468633304856,1.0050771074591909,1.058202000360489,0.7590822727773797,0.33706440613989724,0.7932773217376413,1.7905591011709636,0.48225289060042,0.32458108914235634,1.3621056243017777,0.5047644080156861,1.597782712375304,1.4762939065163037,1.0099478560763537,0.1235167932638475,0.6439803000510135,0.41590824878272176,0.2423038681838892,0.36572486844802665,1.0063248773513482,0.7913899099052719,0.37711080210081455,0.7292797224614604,1.3085974204590638,1.696748793035883,1.3449254946326517,1.251884973300586,1.1323053042025146,0.9122968485643261,1.2413315127356093,1.328813506649819,1.6311034618785463,1.2503886465431129,0.7528323612543036,1.2826765030874883,1.536415837560472,1.3492797033908839,0.9903146801312379,0.07121425240415656,1.1837391557654275,1.6592254162655802,0.9245513033917063,1.2265878101344772,1.1305904280523205,1.0866281917626825,0.6679229567101108,1.2217741111317024,1.5249721175709376,0.9921898029140744,1.572027300377458,0.9469102114919897,0.7653876005478047,1.631736520926932,1.306115247943634,0.9605401750647633,1.7775751033945542,0.2063040119925899,1.5428702983256313,1.217115072887883,0.9716613811240455,1.0158637896921083,0.6956027888719827,0.7278084118920465,1.1144094457903178,0.7755675138976066,1.22680743604235,0.26541642318940617,1.446211184562914,1.6707941555476058,1.5180715331692332,1.577900661293417,0.5067698492299544,1.0161659321143848,0.7112699012332985,0.45528746564895795,1.349037755729933,0.36565432578882884,1.1614691235153785,0.6309665062147475,1.0621637833782707,0.5937591265178535,0.1888223736912909,0.9529252997719793,1.263107757809528,0.6204754113080353,0.8298442482128177,0.7139958974347244,1.1398671850853133,0.7656863552943609,0.9928343522856315,0.9076882126579019,0.6900164741002859,1.202270869925805,1.4924295823672231,1.5357569398067785,1.6231605788627925,0.7391638550668752,1.4717408143271478,1.468393160448078,1.2879215955169547,1.5457817506582974,0.5242267746340381,1.12921552984915,0.0560447405190534,0.5447144371319684,1.0959138287451338,1.3051126745429766,0.9017591347278523,1.6947419568931592,1.481207822103084,1.2722223044189227,0.5202838959451961,1.1248478094761938,0.1450499046834968,1.3375444262572285,1.3132177232357565,1.221291288274927,1.6261729423508045,0.7958494151695519,1.491646717974134,1.5472226447368034,1.166520322497923,1.080360864521901,0.7702262435465836,0.6118264981921745,0.17587870838160763,1.1419750297333573,0.9210087896075755,1.5373593956410043,1.1570108242513275,0.8346946480651531,1.585611122262639,1.616761078676214,1.7242121163731152,0.9830526581159147,1.6715384145071255,0.8060006295936288,0.9685275449236332,0.7754404265812647,1.1426445103397924,1.269785302097227,0.4783266516773521,1.0380042949185362,1.5879530447117867,1.337920611904249,0.20534289710668027,0.7327501624473226,1.5530158767559474,1.334204963092682,0.0,1.00415394767038,0.8741301394375315,1.541295493923144,0.9860404682505475,1.228372759357869,0.4179544366348622,1.068090421451918,0.9882421293671693,0.8779223683570843,1.7214594108163885,0.9526996266592006,1.1272880478264982,1.3999659927883534,1.4603201258689933,1.124353026766728,0.6831406855222921,1.1470952519824515,0.8411592443558737,0.3792342134911031,0.5182861539121304,0.8678213561389254,0.6118566107408913,1.351843955080911
0.8403983344499951,0.5797815491932391,1.1066306585612051,0.7030077991802046,0.3140559226243344,0.9973451293401776,0.8226354211131724,0.5585541951823716,0.8324641426120372,0.8484082565442187,1.1542108562514113,0.6485568887574646,0.779194449251349,0.4759899245167948,0.0917571664572574,0.8215874580897682,0.9578224912525057,0.8302895049152935,0.8214880842510701,0.7000130226903462,0.29368723128814855,0.3134450235841347,0.20232888298825966,0.6926099331863997,0.6225409503930215,0.9080974741463635,0.15336904953074437,0.7585208415627489,0.3528011498559739,0.491954739123737,0.9561498612911395,0.6361435354867591,0.7877917768393146,0.9249961405601356,1.1557215775605971,0.8416157663089576,0.7116362332249332,0.3583802079241829,0.7662755761646827,0.674424552910129,0.5043516325309304,0.8602289236820478,0.917241509832903,0.6471331170251037,0.612718765152154,0.8001194376572792,0.6704030740439398,0.39074965342097445,0.22816392530404994,0.9179310842921897,0.47933555123891847,0.6912466971013492,1.0630850285846825,0.5302512012227751,0.566051956383227,0.31589327294422015,0.09271775432621235,0.26252193849810723,0.9307316716292727,0.7292224386887929,0.257917898215033,0.6320504937473878,0.8480610325898896,1.0063833552589418,0.8267745435330108,1.0401584893428537,0.9912583197068146,0.8026659952994669,0.7632188832201872,1.086701148190789,0.5189264555883707,0.8969819874712608,0.5215198596063589,0.3369177598774382,0.68667848861007,0.7722126980928626,0.06375324548872732,0.5800928497090588,0.17689086731121664,0.8187849935540531,0.9158057792332008,0.8595397630081867,0.7600506850347064,0.9035324324278239,0.9831157452960275,0.6569777350222648,0.6646771351924244,0.654126854156009,0.3969251079831654,0.8595600914082141,0.31747642768578993,0.33972387755366346,0.9108219447707447,0.5010017041720662,0.814413342805141,0.45948769130215084,1.250580531331607,0.8370984474769748,0.9261977783626738,0.4980648762449368,0.3102395828541287,0.8056496934719076,0.5777360136496575,0.3495667808216049,0.6470600894718012,0.31826778629431013,0.6552160456089217,0.8630368194214562,0.6645150572685097,0.8199772603026999,0.7274273372789433,0.8703679440690173,0.6026080280520115,0.8328658588596843,0.8381404766230515,0.9935033668454393,0.4873869105348933,0.06097298962621523,0.9420593284838681,0.6032397668890891,0.43291576127841963,0.7482926080458175,0.8177798545163695,1.0312470888121237,0.5044592721339428,0.5243774015591168,0.46925739002571865,0.7709671846227235,0.7833482953525653,0.9057773169195128,0.9855107162076343,0.977717005610344,0.9415566907300432,0.4832481320522353,0.6008124955516047,0.8867146440567164,0.730847258154469,0.7563725492336248,0.4931989887930252,0.5180523105812544,0.19681962888036644,1.050433060287362,0.7992782839957243,0.3149675684907009,0.9120456879501605,0.9072750012758007,0.6242082115014341,0.5083092248388349,1.122769469098721,1.0522166104101296,0.25259231239365965,0.23528473251291807,0.8068451733877533,1.0871248330823882,0.6147269359323286,0.24962436437090796,0.8188146784895636,0.7333955042794038,0.8825053328303034,1.0831584667599652,0.6211030086173066,1.1783857021003674,0.4205676583411009,1.0856563737518279,0.8871248259316589,0.36423518004371547,0.8090758878033714,1.2453608123227247,0.4855978306292636,0.9623920192063689,0.7908463658671977,0.6184445806792325,0.7810994017359474,1.053582697831756,0.6687414298431186,1.2045704532039723,0.7793372189305674,1.00415394767038,0.0,0.8300295250360331,0.5477646430544596,0.9268522134071152,0.8892266891435318,0.6344263820878766,1.0667150352231445,0.15613922798798535,0.721745713920577,0.9272393103960245,0.0934367538875727,1.2105869538677156,0.67121892755198,1.0539276467763696,0.5310199153670928,0.4799920611271304,0.6640217033389815,1.0592585344466596,0.859998798640403,0.802893353566584,0.19372248634105144,0.4358871810580495,0.3697223673746219
1.5971361929103853,0.6214197706970263,0.7933206483596342,0.13840147121058313,1.068316845627968,0.8102169668355882,1.3858093449185245,0.8961054660323378,0.7459283351038838,1.5495871149274354,1.948367184955175,0.18313126121278697,1.592744881238664,0.35417997503393034,0.7543417572472558,0.1983213391612134,1.5923957557272117,1.6306822243241814,0.29334154057444495,0.9018761917230209,0.5463846081370823,1.1016395333236682,0.6590503101026536,1.1957407437389345,0.732238538438939,1.7377735429495842,0.6822807560096674,0.46315251620876685,1.1669880905024885,1.2150120615685371,1.5577263270686987,0.2125759552718689,0.544805277822732,0.15015563483158909,1.9747408276497578,0.39555647679995376,0.6171512724443277,1.0591613783448472,0.3718588116302366,1.047429817956272,1.2893992217914236,1.4713699205944513,0.7524498788609685,1.0942775321745204,0.8090365645123422,0.6583568053472899,0.8325341700024462,1.1405327840353563,0.6630395609721484,0.5166676665994335,1.0197899893779114,1.4864778673459857,1.8797117128460976,0.7573964734739932,1.3715065794817467,0.6718523973081774,0.7928639820011328,1.069726512995651,1.6682192194942371,1.5443881892884481,0.9294284448165805,0.21923771661032965,1.5922583828911374,1.7954134416863274,1.6018454487300435,0.2125186300323031,0.9210244174073301,1.5190533023772124,1.5791555717195724,0.26371179678637047,0.6054248598255735,0.2605000043788838,0.44803062186581066,0.7168718034258899,1.452916251690798,1.5997921408373452,0.8750213534722595,1.1589119350969372,0.6567582139883782,1.3019807621704795,1.741884128308451,1.6095683787049164,1.3788659822795333,1.7218697221011308,0.6953396608862075,1.479726124761575,1.4350122582379434,1.3127881422106338,1.150121560039317,1.2841396303781887,0.8389771456478313,0.6315010647807062,0.15189869310058973,1.3122310672557795,0.9165220759771999,1.0473560586110617,2.0169414060977164,1.6559164925996648,1.7423163171391303,0.7070463414136255,0.5727064408202245,1.258459053901421,0.5762458941616958,1.0194357937971583,0.7719655221795104,0.7036224186503852,0.29090731002645104,0.1930979874747774,1.0690906833974674,0.740519914861024,0.1544632953883057,1.5997411591502357,1.0372113542477648,0.04719108713328977,0.16702176494724139,0.27043159628915864,0.35486213196189403,0.8731539524536164,1.46568646288944,1.0939018955759416,0.6492329827850936,1.5744590589289382,1.6421174995407257,1.8379408904489478,0.34825050153863507,1.3288183245563963,1.2050769779079087,1.5391833759645706,1.611938204816757,1.199187737082798,0.25952447755940483,0.8969183501322532,0.3790457679928495,0.48932118666663926,1.4137345777994912,0.05739029310317283,1.1885641167235208,1.5801112447086807,1.3161126904765081,0.5568505590239875,1.0268422659826506,0.7949544660425557,1.5775274446153416,1.08125521910684,1.6096940199614924,1.7335485402952084,1.1854249388043037,1.277392176885616,1.8839991226235242,1.6729646593915095,1.0667888924682698,0.7463366608398385,1.1922570090665636,0.8064090907521555,1.368418395168024,0.5836229256709999,1.6432566053619202,1.4593016135675887,0.07870256078806467,1.8677590708370635,1.3482290553156995,1.9789578320400278,0.45366015622248757,1.8928406492792524,1.3712494368327284,0.4963325792894563,1.3018659075782388,0.4212340740409332,1.3090724352276597,0.4508875960752615,0.1949822543014648,1.1148083926877193,1.5641199623854414,0.7475016208899814,0.20006898692487657,1.9428393982220185,1.561567086293967,0.8741301394375315,0.8300295250360331,0.0,1.14019654191096,1.5005556670673041,1.5976069001089261,0.8549587529553945,0.2566966468026715,0.9479947926703358,0.11338526053105027,1.7570055743888615,0.7366352009166434,0.3882033633758852,1.4928128134586878,1.8043422508626819,1.2996419859696242,0.9785015177091245,0.39914045516709645,0.26339854676820224,1.0605559178803803,0.3559399611300516,0.6445915572135367,0.8367716280935379,1.1583645422705702
1.1091047185827654,1.107607557468474,1.6214781920709544,1.002497747333422,0.7458777262678888,1.5270379299164776,1.274894527636798,0.3081626575471766,1.3662584094997245,1.1897425750861979,1.2957777114916147,0.9929533465661414,0.6327188231022408,0.8349816568374148,0.6231501539921933,1.03566857161718,1.3445214273850408,0.6200674661091057,0.9837737024164355,1.2476476998675594,0.656054905755978,0.6978207075821995,0.555635047454231,0.16259377178548268,0.5131129285130239,0.8642461740613372,0.646297436586584,1.2424086131320968,0.41627753716918353,0.8921783557116082,1.3674529142587442,1.009857792716078,1.2893359822682882,1.2749006388190443,1.2102448020229373,1.2987283088260664,1.2332765800937824,0.20685489414813382,1.2234234471362266,0.2678774601554482,0.3553417774461376,1.2778020415247275,1.445642609133029,1.1672330647945972,1.1598613986801587,1.3231203019734543,1.2175788587360816,0.7957369919862576,0.7499363419271842,1.3983340755081106,0.9950472407462538,0.9161706471165604,1.1416297195486353,0.4281972802810701,0.8008402414912849,0.4764659240212817,0.639957527356117,0.3959835072796132,1.21278131435859,0.603065897448439,0.2919562184782025,1.0093636547062002,1.1348616238489138,1.1818957134566364,1.0651620054280022,1.317166732414159,1.5336362170629505,1.1349214626653716,0.6322590456277684,1.3995136425861299,0.5609355198926107,1.0770008679801493,0.6976662499569316,0.8808021590433118,0.9732632612184128,0.8345997484016733,0.5791681976315135,0.03314829027378072,0.603295326627069,1.3082102790101706,0.9619299006005857,1.1353512822434149,1.187728004676921,0.7566446176189043,1.4951440314372604,0.596993392901853,0.9496848708621854,1.07215856056168,0.7952621493522454,1.3649604017355852,0.8617867141300114,0.5138105643885039,1.2671108278817547,0.7417024977086331,1.361923273359012,0.09870820693624022,1.4418880253174617,0.9453527633465374,1.0294543446236637,1.0401971023529086,0.5937085874508095,1.3072509925736715,1.0965358815700412,0.19964577552102597,1.1916032418861666,0.442975307645537,1.0829149828969715,1.0778134104683912,1.1928355001174746,1.353873677296583,0.9938933499866824,1.1738751390885533,1.1304874985787043,1.1635645873139873,1.217392125378218,1.1865989098363814,0.8893541769890886,0.577511323250279,1.4003859788197008,1.1162678244830222,0.49508405692545643,0.8306149354432489,0.8977302340549635,1.1529963438935404,0.9159035480133801,0.42880743001535276,0.2265361735823834,1.0341881785669262,0.8302137303702832,1.438045543844077,1.1829222931804877,1.5188030336267848,1.377885086306137,0.6533499683344849,0.7985549220233196,1.1870314071582866,0.21968860133710885,0.8551830145024301,0.6861696273509513,1.032326335431172,0.5166377838520111,1.572443581147517,1.0370184375861742,0.3019374123896365,1.2467194380980329,0.9532871809107977,1.1071433542555034,0.3127914762488483,1.338826350217888,1.4379844407659104,0.6160253885264477,0.7811749553584387,1.3272902457926603,1.60679740265794,0.9404228373772452,0.648526735046202,0.8977807701709035,1.0680349567633691,1.2128593976426272,1.2576715604312942,0.2734516948568615,1.2990663999420466,0.6962499348019148,1.1977265886003394,1.3688997669894667,0.6686663032289955,1.2958571476096516,1.492647472202408,0.6785906105843437,1.4172669761401655,1.0114469257069836,0.12693934754427325,1.012766291662475,1.566784891350264,1.0505941602455309,1.4478313559084173,1.0131023186748667,1.541295493923144,0.5477646430544596,1.14019654191096,0.0,1.3596931164826078,1.215524471256145,1.1821910174295205,1.311354767108775,0.6284353674634324,1.0290326284660327,0.8828677103080143,0.5886495303879344,1.4569354614401209,0.8068636797744524,1.2976055152396846,0.8584532061809015,1.0076653784982295,0.7974921022341661,1.4020523077582694,1.404728714494421,1.2521470018137575,0.6771877814392839,0.9824506950278014,0.33806746567267804
0.446137627383084,0.8981668134335332,1.1979319497029801,1.4251446068185527,0.6298548485156988,1.043496341356053,0.11535449387781709,1.4736571145812742,0.9343951742578928,0.2822682164513369,0.7538129045426288,1.3391644956363098,1.0934847971163937,1.225373860597879,0.9227881070704209,1.5915843350444543,0.1438673706775165,1.1832513517746015,1.6308423006021937,0.6636249725697235,1.1359609504905235,0.665898658882584,1.0997278095388965,1.5222778294910069,1.548340623905777,0.9873717263239168,0.9732596661960659,1.1313812495824176,0.9526218519263512,0.4678471937023046,0.07241067580407903,1.2936729506474487,1.0840695606034876,1.513266149883872,0.9128851176732599,1.2503284978364304,0.9652487162670699,1.157410292172517,1.2093588018894195,1.5647885043329217,1.0824723650275478,0.08921669797717419,1.011120373349474,0.41104000465554313,0.7206449542527898,0.9913170253692211,0.7232194008521787,0.5676844660029908,0.914993046182739,1.2260497515728834,0.4959237640704293,0.5734543790333388,0.8350347796827969,1.4570932175869564,0.6211132591891834,1.23685497403584,0.8753138686633178,0.9647104511793444,0.40847075511206826,1.0605991320378627,1.1320637711848929,1.286331330569063,0.4061948540358323,0.6403722951176731,0.5099045816895622,1.6973241228959906,0.9204279071390792,0.3211522434984238,1.0717479604052853,1.6867871067700997,1.4325625102903543,1.6788368986445192,1.3894768713600998,0.8025883716585335,0.4693444584419393,0.8149266098496545,0.8657911984460848,1.391447981650744,1.0440659067350948,0.22373476480448776,0.851822718397879,0.4277381553299471,0.17243065534597507,1.1284753003413817,1.1385065436294424,0.9794037943669929,0.4844708425202061,0.2876973206225556,0.5667579498665009,0.2916834580086383,0.6980872752260239,1.2532872133435915,1.493599481751562,0.6553637087637003,0.7358142921476614,1.3043925937006013,0.7039304075919647,0.7428093117141881,0.7585844717845195,0.7958651945276449,1.1934039240138468,0.2777578689973987,0.9406089823693335,1.180947507080566,0.7753680460708486,1.2434779750127634,1.21651547904877,1.6232166502851562,0.4459944359153893,0.9286443475665609,1.4750505653441404,0.3647955651613799,0.4657913165588802,1.4764485468758977,1.4081537864403741,1.7465519253736366,1.1786094783535586,0.8685079596868878,0.09525388144688579,0.4066900997997843,1.3532490269243074,0.7864678649106412,0.7880124941634398,0.7478931246389828,1.1727072712311002,1.0300674910796366,1.1647040761808494,0.4754737531650526,0.8378207204870055,0.473738515926239,1.7362295432266759,0.9302157062523898,1.3616966971597773,1.363522609841451,0.6557002916563953,1.553150648304577,1.5768206240256066,0.7608466371394543,0.7215502716670342,0.9463802471106637,0.8531857256038585,1.123611373845657,0.5165980887429491,1.0579920772678006,0.2844173101727027,0.8505022030370976,0.32456028377937846,1.121638302372185,0.5942141588587209,0.18396594895966106,0.7495187225237797,0.8183474448001338,0.37524270993742587,1.1593263346297165,0.45121204560661127,1.0891638481143304,0.7895803225320898,0.3531461905241196,1.511496168261349,0.6634389864666119,1.255102338809694,0.8035288194405895,1.2645267605361232,0.7825628192616866,0.18256384543999618,1.2125992506150287,0.21663700764533983,1.8986916695500553,0.7262747003465163,1.3280565298319804,1.5625340523118711,1.4694245083874593,0.5323759010649044,1.173799504317812,1.3005509404379958,0.5758130892582305,0.5289065055974309,0.9860404682505475,0.9268522134071152,1.5005556670673041,1.3596931164826078,0.0,0.308108368263382,0.680421718488241,1.7554604953292998,0.7802944799367431,1.4293145665279388,0.9930836984784308,0.970872147648308,1.8709300233105433,0.7205579161327447,0.5127037319305513,0.5163570566308678,0.5287921458242661,1.5213755075296955,1.6215570377702238,0.6070772283663434,1.2483480779153364,0.9869317493857201,0.6663757895011799,1.0304952723299718
0.14872732476817,1.0461846355843074,1.4311844711724246,1.5009562783723418,0.5762843381896686,1.2764820867540108,0.34226838762781536,1.3869020811449595,1.1448654021412037,0.04912935540090408,0.458291492933325,1.4221377777211437,0.8373191677823154,1.2812398767113893,0.9157870858169108,1.6540994476136919,0.18736526426540961,0.9261981716412823,1.6766070369666262,0.8680464425398637,1.1503965685011968,0.5809844211902923,1.0859075421066884,1.3752269413312668,1.4990976217526883,0.6982418669148991,0.9802812627172398,1.2928900640437384,0.7996654429922142,0.4009859422407115,0.2553954458224657,1.3851133348502835,1.2612608807246561,1.6375373396496056,0.6061711344348445,1.4115068321055717,1.1408107248762298,1.028763228235917,1.3583544185027896,1.4509332510831903,0.8947802883853625,0.2389197813981336,1.2309222284361607,0.59309856643928,0.8944502363642649,1.1858995935847356,0.9144024243249137,0.4987301461331703,0.9531856793689419,1.4114064625861593,0.5893046299502406,0.3229694252139308,0.5269557353074534,1.3996270811339544,0.4174100546376679,1.2035890610760402,0.8669917573510887,0.8408694254109073,0.1040549883591208,0.8121689070402665,1.0381450710233937,1.378379446013989,0.10786317439275417,0.3338094838414685,0.21520553160691952,1.805424954517973,1.168573483593307,0.08674154816452641,0.8168399984466703,1.8134489811490666,1.4076340287717752,1.738243508989364,1.3997916585416599,0.8810493682015024,0.2432235113292744,0.5394132485665019,0.8255844492853965,1.2446122935161739,1.0419239998352863,0.4799433514213953,0.5534548260488006,0.12527838292238885,0.2678447044851229,0.8516901097458134,1.3541312812187394,0.741007045798883,0.2663539544440471,0.28896621614044815,0.49231271263927584,0.5655485495378104,0.7587137369374218,1.2289360049903169,1.6187482468588879,0.4738502629476867,0.9653347248140646,1.1793908587264206,0.4472770769742996,0.4510138370738256,0.45501180718818096,0.9287244599334151,1.190540509419202,0.5300381385347024,1.0827854322172732,1.062103541836239,0.9553341677456766,1.2017964078898484,1.332457758124691,1.690631984857943,0.6409248704892555,1.136836559377882,1.5431378686526938,0.06065621299655543,0.6319333508866762,1.5815732381732681,1.5332655306328804,1.8197561029122546,1.2511173319755837,0.8283472107423135,0.4021836698492674,0.5597314866289773,1.3197537264208723,0.5151621375265968,0.5018371719588453,0.44003642862385045,1.252207852911704,0.831186285237704,0.9996062922933125,0.2028553138291322,0.5610876879121655,0.7491744592354559,1.810181798120368,1.1742878343408047,1.526590834005147,1.3658855045602791,0.4320175649977584,1.6535359635087705,1.4350030393102693,0.48671088306308563,0.5318705185385544,1.0706062956441083,0.7568876406848274,1.3562844999278505,0.22994535199000776,0.9257097033025125,0.034201903742348674,0.5531613256196785,0.4497791645440708,0.9378597434533315,0.3195001723436129,0.2542064648105472,0.6578742105430038,0.8600121523514196,0.6279224957697938,1.3943722196391681,0.2836392237152465,1.101649714311688,0.5032818155184056,0.1568253038921493,1.622806618509116,0.3652513278308267,1.0602910800694918,0.5064699492666023,1.284113037708856,0.47635723808170183,0.46977534068467286,1.2281157889411478,0.46662154996788696,2.0130394580565203,0.538931155126878,1.5052253995175533,1.62357702957547,1.3359613153157595,0.25112081941370545,1.3995028122673268,1.4006614231432928,0.3485464813544248,0.2484206399151994,1.228372759357869,0.8892266891435318,1.5976069001089261,1.215524471256145,0.308108368263382,0.0,0.863449035066229,1.853889049577992,0.7331136143142476,1.510562843453607,0.70156092581315,0.9575576289176544,1.982219209873422,0.4688965296723159,0.23238493246849018,0.3706473694284701,0.6369141358136774,1.5400800497711573,1.7578167560009879,0.860304493526443,1.3995135214399086,1.0050101223562438,0.7770638223914407,0.8774958844040851
0.9218450641400454,0.23353959660459203,0.5896920459518675,0.8077401509297906,0.5644554545658063,0.44263065169684906,0.5728866616653056,1.1459765086901026,0.28911834644224277,0.8150318761138529,1.2964724851750633,0.7181178384590924,1.2636731276972437,0.6567822535953812,0.5642838180885928,0.9819742994270817,0.7978075897556131,1.3389207359550952,1.0417766722625503,0.06843375103547289,0.661495372168183,0.6309880550271976,0.693347753236492,1.3246438762175345,1.1319727006821916,1.290315439649957,0.5629894592867466,0.4514730924907594,0.9044434035420932,0.592075739812031,0.7466898170962918,0.6648852780361333,0.40487302586285073,0.8449002505881338,1.3916282450350412,0.5700854930343661,0.285132605563707,0.988770297144803,0.5324904685713889,1.2839336875308436,1.0737068047661442,0.6754035064199405,0.3810165960842674,0.2755478615445679,0.0461647654236544,0.32245062079988074,0.05425314767040552,0.588445129781057,0.45929148690913846,0.5510592754266436,0.3149452737044024,0.8996046577187808,1.296111294006705,1.069745608081385,0.8359951168759724,0.8380702448091992,0.5424237616499552,0.8468724740522765,0.9572385862261484,1.215161956469367,0.8915435254424467,0.6572877603756284,0.9004325729239374,1.1481631558246568,0.954692353248928,1.036988962125249,0.38268683814144144,0.8055279218940707,1.2427236193634819,1.01483073160247,0.9831693459296669,1.0689971239126006,0.8792693731957318,0.31052687506952714,0.8189981341741311,1.109251910685585,0.6085200868284458,1.2144927178922011,0.6292420626456381,0.463523121457922,1.2201074538069085,0.9229298295762425,0.6025339321262373,1.3597956543967304,0.49669634319787487,1.1264611902905073,0.8118487882183335,0.5850093902507802,0.5980329281767439,0.43224201502145365,0.32769485072044874,0.8326091919478567,0.8250074551308676,0.8091464117733566,0.18218023399325872,1.0928756390616143,1.3106266514424094,1.1079272252616503,1.1722805085303751,0.1793678711833523,0.7412092659532933,0.4143597117264705,0.2787172974009082,0.9836569143350594,0.09505870475870237,0.8609766048009712,0.5640585229591971,1.0058816866338112,0.23481432814399555,0.27942126179596055,0.8647059631643503,0.8883632376932964,0.23153224144841397,0.8238849923842028,0.7412058210073853,1.1176787649664375,0.5886217409636919,0.6097272127274461,0.6278616607524039,0.3037648872015163,0.9330066594212163,1.0768585848636407,1.1225665840587238,1.2271025168668948,0.5722836908342164,1.0632989022165251,1.0797566856727727,0.8912316545071519,1.1297271022490845,0.354412309207102,1.1068698498227965,0.3759543069319954,0.6813159881650923,0.8714809507696057,0.8891963362720122,0.9026196478407169,1.358990453373842,1.0667228299594902,0.8542897717443589,0.30798634090922017,0.7242435093785995,0.5172278620585309,0.9399248160541972,0.9265900283590678,0.8633046956476759,1.2141935442591236,0.4139410100890127,1.0928921241477854,1.1810830577838025,0.8630188778301473,0.6695226518286667,0.40336046595753533,0.33864713531047935,0.5570349450579407,0.7358208679007112,0.630315356130289,1.1241467810515793,0.7680340660020101,0.8525651648795531,1.2043354540885436,1.2231340121733818,1.33890485925586,0.7550963999959828,1.2777297385823836,0.5275426619033667,0.7199851564820476,0.46690691723447925,1.2314204588160047,0.8518988251552453,0.649863854536536,0.9564171072177142,1.2477084136168721,0.9375640791306907,0.5498945265994579,0.6607991534143078,1.2058334883173858,0.9339714779557851,0.4179544366348622,0.6344263820878766,0.8549587529553945,1.1821910174295205,0.680421718488241,0.863449035066229,0.0,1.1017173404625233,0.5875861998814677,0.8047504108431854,1.3050134639025346,0.6062183984483556,1.2058560808533543,0.9841377088880697,1.0942581420415556,0.7107779193801341,0.26696091083846457,0.9822506670167447,0.9458132435467153,0.24658062461464816,0.570251808715279,0.5475631647628947,0.20534258092541752,0.9553651341616454
1.8512011317817434,0.868922895732847,0.948321889832651,0.36487505032248024,1.319267692073074,0.9979012331258464,1.640955176983512,1.0364134209763372,0.9623120312340662,1.8059551849563478,2.19915496910632,0.4338586120911115,1.8113869279340569,0.5941771250541781,0.9966977597659021,0.27569075044110547,1.8487425805503872,1.8425756520979213,0.3394137143372748,1.1446270521943216,0.7752967095534643,1.3496263710164664,0.8828899137205748,1.341482488521179,0.8458798451433739,1.9695852983247881,0.9242152406434329,0.6825285133792504,1.3911893035961718,1.4694082581752816,1.8133468379995406,0.4688310439160878,0.7591735736469691,0.2755679903303836,2.2192043848778766,0.5894890986379618,0.8481449080673045,1.2594105379503502,0.589895399586554,1.1753585094277534,1.5011112977253056,1.7275131691245116,0.9522744096717257,1.3477361784513124,1.056268729088986,0.8753783474406467,1.0754012286909835,1.392654119773483,0.9142547183788682,0.6924963033897908,1.276397301732831,1.7358958745387376,2.124999028064476,0.8976981319966555,1.6185924499521462,0.8672533302163944,1.0378149774457734,1.2935896792272057,1.9236180650336834,1.7643423708512425,1.1343538539751241,0.4756428869691075,1.847123363462502,2.0466818177709545,1.8543084643209968,0.07978783589677847,1.1231444822752952,1.7749598511781697,1.7992312822148313,0.1832501298397159,0.7524221109581536,0.24945546540246788,0.6182184067687481,0.9734229210364408,1.705697350528923,1.8389220373015525,1.115894096194311,1.3255570423847487,0.8904089493730788,1.5543253048058898,1.9823122091497662,1.8641279881130266,1.6353629245497656,1.942326943515445,0.8721002880129546,1.7048240915177515,1.6873335388478825,1.5694033453740361,1.4020767626671313,1.5331283575460752,1.0951787366348922,0.8257573944935696,0.29413101751245485,1.5577692305003534,1.14722275338271,1.2250496399493942,2.2711491078109423,1.9000659536413427,1.9875859063070485,0.9604424953279483,0.7859379930115642,1.5096742671320111,0.824120132576364,1.2162560417372987,1.0151879244418003,0.8958679818498775,0.5404800668313527,0.23375592800335498,1.3209197307721898,0.9587881436388467,0.3414033596497744,1.855351079827435,1.2910715250200733,0.2793553812296638,0.3678420094135933,0.15439890184304203,0.6067821027358383,1.1138478348450005,1.7185422620338866,1.349009618581372,0.8176709332827471,1.814745915227126,1.883643892161148,2.086048741305021,0.6026983045381981,1.5465022820829952,1.4058514306651981,1.792114263484599,1.8499626299226155,1.4389925340042606,0.1513176201450904,1.099065451622103,0.5287205379399262,0.6644340824993369,1.6592213047733455,0.20239772472817136,1.3236020126883636,1.8219176662376475,1.5579128262119712,0.8098337073815376,1.2627638892463167,0.9668003860514739,1.829566322010759,1.2943773525224909,1.8662020694739427,1.9738240717680489,1.4416095147743424,1.4845966137117232,2.1383921293481123,1.9288114757616652,1.310152934591656,1.0001682049202292,1.4402270091940268,0.9695908420934891,1.6218364013476898,0.8172268031975347,1.8847220045014983,1.714686662760642,0.24985145925360452,2.1197866743543665,1.541531439134766,2.2286386007090893,0.66363741954774,2.1409267363128617,1.6228302465901339,0.7142316314573695,1.5547113976282763,0.18353625893516773,1.5506003944875753,0.600905939779027,0.30080443905629783,1.2657761034409019,1.8155501690086335,0.9110717047834558,0.4561539640476023,2.1986495613880153,1.8130859950489358,1.068090421451918,1.0667150352231445,0.2566966468026715,1.311354767108775,1.7554604953292998,1.853889049577992,1.1017173404625233,0.0,1.193192529011202,0.34925804322364734,1.9890728265161741,0.9741964058034426,0.14763468906778993,1.7355464292003606,2.0593196839049352,1.5514244912145227,1.2348507311043262,0.5173180757468201,0.2589630124809356,1.2954969881250396,0.5628262820211534,0.8883046195367829,1.092908345175158,1.3744905654661395
0.6873267445549288,0.5931576803778422,1.1176094264514094,0.8283868048959379,0.1583223602537982,0.9932423016431888,0.6799985814945978,0.6943324539636757,0.8262638888940128,0.6922901574662337,1.011393163194051,0.7648649882432246,0.7160243003819546,0.5990664417904167,0.19818081474224022,0.9593238908222818,0.8044499634427157,0.780012715644832,0.9663200348776507,0.6469482310423729,0.4338425696145602,0.1614113534050509,0.3550483447688131,0.784975432171342,0.7748930806520536,0.808941600690639,0.270160948147543,0.8059356300997488,0.31950641730475987,0.33630905878784656,0.8058592387352816,0.7439604099081175,0.8200268977443528,1.028596050983653,1.0268200125870888,0.9028739624831672,0.7265447844569228,0.4231646354137106,0.8305725204730237,0.7953559193023311,0.4882099702320031,0.7102494129987404,0.9167564630163535,0.5388246435915848,0.5766567782811338,0.8100046660761162,0.6321489543192398,0.23462431071590156,0.29464990124831536,0.9619321086698607,0.3666387978177944,0.546766326710372,0.9320782804785936,0.6798660557527314,0.4258874613857429,0.47153067640291557,0.15540402235711592,0.260378341878839,0.7759755004614033,0.6655975025394104,0.36164471101932294,0.7388679352422322,0.6935718311354844,0.8612860845125244,0.6769466334982754,1.160271562244167,0.9645623051382421,0.6465791359985622,0.6973636272558368,1.1968221543557749,0.6749712423576292,1.0379116737052012,0.6731287357628204,0.3372156093671956,0.5341316704309295,0.6562577319144954,0.0924731973354803,0.6615836370885455,0.31850637778339336,0.690241674000517,0.7959636278014512,0.7057121003558235,0.6109773045144016,0.8305845526622051,0.9996087640276687,0.5835971853943874,0.5127205382936514,0.502227783510035,0.24080158293630147,0.7403446369313962,0.2614372247121055,0.4958613469119339,1.0128315425641958,0.36461944625334614,0.7694411132069072,0.55309993111767,1.1007558799359933,0.7079231768048836,0.7946472253924768,0.48884480053091767,0.46185190979736634,0.6837667754018504,0.6029733054329657,0.43133522521278095,0.6226742420966778,0.47222836201309415,0.7404117563054862,0.9995784073181813,0.56502216127315,0.813971103550094,0.8589045804294039,0.7148702771486077,0.5028191652662541,0.9452249009538137,0.9348177336318267,1.1305487713888525,0.5951664789889732,0.09523409079102708,0.8022097800940555,0.48849542305684485,0.5883419210557124,0.6293106573547586,0.6953321396930335,0.8936353365296142,0.6070590189411086,0.4858358484853163,0.49493470822681385,0.6193612509794462,0.6702698794427292,0.8105070054568239,1.1220452631736624,0.9543557695469693,1.0104917245828116,0.6364874555484137,0.4661137551325417,1.0053256885420236,0.8310096258200244,0.6332068723398522,0.37024616853132525,0.5526049757994944,0.13698535327814707,1.0548695386907034,0.6500444786034215,0.34557742721058515,0.7559192920954766,0.7878230581000542,0.49068265662064514,0.5055557755454788,0.9716132550684793,0.8992138919631567,0.1208008442335867,0.24467621341657242,0.699015614491162,1.0934404398036455,0.4599267134559917,0.3863215887245553,0.6965246164878337,0.5774028807020868,0.9932891907967365,0.9370063757358256,0.635759503186356,1.0381840066848942,0.5656651075881896,0.9484410841195019,0.7554962088626725,0.5088403946910499,0.6791685126702134,1.36804049881071,0.36369199504621974,1.0208791897607992,0.9284053679702099,0.7189545742844999,0.633024379074201,1.067289586067002,0.7719684970669172,1.0507256536229412,0.6310281853065924,0.9882421293671693,0.15613922798798535,0.9479947926703358,0.6284353674634324,0.7802944799367431,0.7331136143142476,0.5875861998814677,1.193192529011202,0.0,0.8444942130019643,0.8271746325448504,0.23106104997887486,1.3340382543036924,0.5453396322093067,0.9009500196203096,0.37753317716196205,0.3807790048933797,0.8152218007413682,1.1613727043126356,0.7883048676207398,0.8700631000976009,0.30491058682194827,0.38240141818587475,0.3678307521393797
1.5035369663223772,0.5737557122907435,0.8243373505163951,0.027632252269911194,0.9702055372764369,0.8199462122905012,1.3140529108676173,0.7916702978127107,0.7339014688398857,1.4630930767521677,1.8499569264673708,0.09015721098474391,1.480577415650534,0.24628713090905635,0.6488036327667399,0.1814463814154174,1.5147337060256627,1.5177998352620132,0.26030312098660446,0.8573242293521925,0.4349856937680174,1.000430771992695,0.5468867177778453,1.0886641993660104,0.6370256710863262,1.6284305457978123,0.5763971495729824,0.4588641053641166,1.0554948698877158,1.122319361577046,1.4837949642819865,0.139891240404834,0.541280872786707,0.24900745908376257,1.8710395967048836,0.41902070996823576,0.5933710223512798,0.9457900614597857,0.3756361862233219,0.9449635787233166,1.176397169338722,1.3951701704695116,0.754472937582179,1.0286241961033264,0.7585984667011441,0.6480995662320556,0.7887076666507672,1.043938509597208,0.5655260980664636,0.545013549176909,0.9411292633270559,1.386638255425783,1.7765376618822633,0.6542024575451607,1.2695763611144144,0.5589958762776459,0.6890907747797088,0.958092716155632,1.577712240090186,1.4323887145787042,0.8160476790670791,0.1474904394213449,1.5003824392145768,1.6975703174213994,1.5055936789595554,0.3185135390849084,0.9176844876841739,1.4303558433187982,1.4671880855374775,0.37708867238674487,0.5025298765372262,0.2659957312734735,0.3418332938016493,0.633917038181031,1.3571746424580662,1.4931151442899058,0.7687651324770152,1.0483373423248332,0.5470298030224071,1.2380573557172507,1.63586968037884,1.5169821165787924,1.300427716168839,1.6100124053384253,0.7156941910962235,1.3685978097426237,1.338599808373801,1.2287261833999845,1.053290139130471,1.2268594517225857,0.7528358643728309,0.5188472991628545,0.24451972689782406,1.2091130461267912,0.8868369653462262,0.9355441686128153,1.9234826199450556,1.551954074007112,1.6391071891543145,0.6448045420405318,0.4593770729535665,1.1971161735822105,0.5289902476628285,0.9061558090885187,0.7285233332484292,0.5909730370047297,0.2551073364980737,0.20123969818083418,1.0074494689905278,0.7268402213419463,0.07646043388952499,1.5099277533417388,0.9707905942274638,0.13552658679745463,0.2220920397837241,0.31756753929041714,0.2596465650900928,0.7668002351962766,1.4000413522104564,1.023301742937831,0.5405271003659357,1.4683210402183944,1.5366341184133476,1.7369112770527602,0.25921412030380947,1.216414161176028,1.091692206446414,1.4436454531245173,1.5047770556915667,1.155903168416303,0.3071188232465192,0.8939823759751623,0.43276719078441656,0.3810262250130662,1.3106067671820987,0.1670672074263053,1.0837438752963453,1.4747583886919076,1.210656313535149,0.4984055328147381,0.9184751961933687,0.815732429101679,1.4806917851959809,0.9682676858948652,1.524144512110481,1.6274568648540746,1.1097122198570888,1.1641341320419134,1.7909509198091333,1.597863335993915,0.962120868907427,0.6530844003712154,1.137206055217437,0.8322858310188478,1.273740577748613,0.4737012526067205,1.5377413253223307,1.3688945978410139,0.18391480690223574,1.7708629223690762,1.2349688804311756,1.8793809722700752,0.340329608634188,1.7917961854583482,1.3086981983107504,0.38314740548889453,1.2367974363170653,0.5241807828768288,1.2034648480738943,0.49885325846148365,0.16105025566584646,1.0069930150246236,1.4665001074878343,0.7746748590924188,0.15011978987849714,1.8535085478517608,1.4640582847589705,0.8779223683570843,0.721745713920577,0.11338526053105027,1.0290326284660327,1.4293145665279388,1.510562843453607,0.8047504108431854,0.34925804322364734,0.8444942130019643,0.0,1.6477467020420007,0.6285857598030853,0.4898164297754705,1.3879498396780283,1.712638283793094,1.202526738769853,0.9024907766087347,0.31457276423627406,0.37302663217511567,1.0243596394793213,0.37210600757510326,0.539801380954078,0.7629582202749177,1.045692249202196
0.5532787333285764,1.3918074004602976,1.8891900367748424,1.6279743280018537,0.7604776441064478,1.7468717708309183,0.9825651268611107,1.1651821801319548,1.5866170040608938,0.7143005194484483,0.48810865582054064,1.5757959448559817,0.25987371262374015,1.4028276274213276,1.0072986196094125,1.7323585324382231,0.8885889879809764,0.31542813401373765,1.715426802048893,1.3418886094559084,1.214178693631767,0.7024971259084768,1.1065630523617225,1.0022835513165198,1.3477634495582929,0.019844197477946465,1.0776888966762412,1.622987823936833,0.6033053572677107,0.7187173996809658,0.9525408932559997,1.5620089692015264,1.6257653097613614,1.8500048227504409,0.3434046105618094,1.7257591022110466,1.519433967054895,0.7927971262347823,1.6550890837705614,1.1504029180268949,0.5427374573132168,0.9085535394766284,1.680211514916472,1.104468865266816,1.314839949829664,1.593095227270674,1.3586160591235112,0.719410411291873,1.121247889192273,1.7740212238713062,0.9922753947632256,0.43801560245401766,0.30386935505632995,1.2462489017391474,0.4696942625299491,1.1491945694997434,0.9750055707802577,0.699600909373018,0.6258199923377011,0.280550852581304,0.8884076331280479,1.5575782513342058,0.5943641721851742,0.44757943479193524,0.4870436217665706,1.966235070659601,1.67829155804713,0.6719320223732413,0.25445734952850846,2.0137290716737652,1.3286856192664271,1.7998282098662872,1.4015827797847165,1.1462979483514308,0.5426796340464569,0.19782972388546738,0.8864023636219848,0.8980364171067061,1.1007169017807636,1.0983122445285862,0.15635178929666102,0.57639080775658,0.8781423024020615,0.1824407472877845,1.7828941153659015,0.2992086242755582,0.5366726802156281,0.8033175929097683,0.7093758904065718,1.1858434892549885,1.0375723436321918,1.1886139712668922,1.835107671888614,0.4986818806377562,1.4640164905771076,0.906951677310894,0.6604740733768178,0.25105882566157917,0.2650116485562319,1.2739787356653935,1.2071803291546193,1.1337753925198149,1.4108204781486955,0.8406194759148079,1.3734351856845024,1.1285502224483446,1.5672225777852986,1.7751961820054374,1.1533419413590693,1.5754430924338354,1.647815860481222,0.6409049635747164,1.11137485325768,1.7599990877145146,1.7593417346735727,1.902967797952691,1.412672786014503,0.8879643870978069,1.0794540118660827,1.0495398851222717,1.2383333481429286,0.23059380844578498,0.20615818216131587,0.3593457727026553,1.427691807206529,0.4758306625130989,0.6723478155676005,0.5179086706615625,0.17610649556299512,1.348334542205731,1.8960084536403345,1.675635663026282,1.8355130011621403,1.3563140023959042,0.4164993324259782,1.8134924417809224,1.0657522827580521,0.24678963692295267,0.46546854400913074,1.368463865191328,0.73066122309375,1.8190981370693784,0.47701289843891104,0.7209635572313706,0.7335503316247797,0.1536939487814922,0.960628764808374,0.5787380655420574,0.6092804973320647,0.9501895245251031,0.7069883764438867,1.0665380779987725,1.2130636262998091,1.858953763016403,0.6019636011956274,1.1740508439915778,0.20453898622209696,0.6491638822984375,1.8094852463552684,0.4969747965221406,0.6231653962519499,0.47050806154426694,1.3284235740539765,0.3806152861165571,1.1180911139302763,1.2757299342408535,1.082760286955922,2.1697372776038852,0.47033153451256804,1.8415150023529177,1.702440495797673,1.005840644589986,0.46072141023985747,1.844508605115735,1.5929761341474244,0.7282357870130558,0.4642129240445168,1.7214594108163885,0.9272393103960245,1.7570055743888615,0.8828677103080143,0.9930836984784308,0.70156092581315,1.3050134639025346,1.9890728265161741,0.8271746325448504,1.6477467020420007,0.0,1.0206743893948353,2.134582269187871,0.32191267789197714,0.6185735815648932,0.5998262540336238,1.0384719603772088,1.5375424270715294,1.983834622654391,1.4115707163104123,1.6952119082151245,1.116989237303324,1.129822699143644,0.6382303103721273
0.917899250174549,0.5202700625057566,1.0414686207112573,0.6101129526430163,0.38202106545558795,0.9400495999472653,0.8624961441702284,0.5489409994464834,0.7780051100332995,0.9148835551697482,1.240305293605368,0.5551215699317121,0.869860699374396,0.382666975971271,0.049462157652708276,0.7319298136833157,1.0132160871251548,0.9186185115853049,0.7357431207030697,0.6738591431689848,0.2041398037023065,0.3924377929016045,0.13008420558772138,0.7220814969867231,0.5816371603697049,1.0015281439151833,0.06530751927242848,0.6809804428479392,0.4422321899109221,0.556924970582998,1.0056156685495048,0.543166031202904,0.7160602544349427,0.8321255990611931,1.2466366875948647,0.7585342633418137,0.6486683250012819,0.41600120089379944,0.6826821306329273,0.6796321639326246,0.5877091822366205,0.909742027679007,0.8589591401136882,0.6589277220909948,0.5788466096214351,0.7382397915475318,0.6362442165084841,0.4600227512630539,0.16168674045625242,0.8404236037355804,0.4996245679049076,0.7761240879978233,1.153443652490256,0.49779094810416213,0.652769431377201,0.2680324897886743,0.09556596054027615,0.3489656264823313,1.0050604060560453,0.8201097344995839,0.2979424033368211,0.5391802671309465,0.9230778536108002,1.0911324283101234,0.9079692430336361,0.9469227655236039,0.9455863408665848,0.871625927485189,0.8543047800877154,0.9933282614378128,0.46199065576858644,0.8088618578307093,0.44327828638977534,0.29705727701733753,0.7649841120510018,0.8648442185519603,0.1439575917375014,0.6195832729345252,0.08763196815354378,0.8442250289260863,1.0081161760320885,0.9358196136099372,0.8089105158317027,0.9952076548730415,0.9163742465441213,0.7492208982387906,0.7437085648280598,0.7085124233384792,0.4673526099992852,0.8763346025836145,0.31336707826499854,0.28241543703823924,0.8181296482934259,0.5889165024384477,0.7812588252224327,0.49433574414492853,1.3318079651473336,0.9276955852698283,1.0163080430491729,0.45317907281699954,0.2330013147213218,0.8253775179211205,0.5125089228044543,0.3978690933875257,0.6056562983411666,0.27966474073732495,0.5662570266589506,0.7729456537025868,0.6694654498324635,0.7655899200978488,0.6356656426836946,0.9426187011782281,0.6093770277205066,0.7394711615990615,0.7462530093239357,0.9036915544533372,0.3947381497762153,0.14163395714431,0.977700350983046,0.620999131323023,0.3830681006914832,0.8405515879942723,0.909631208966008,1.1195567188341224,0.41253878171036623,0.61238198803348,0.5402086305963744,0.8503699536825324,0.8762532179988182,0.9035136820012024,0.8955009823163486,0.9304062912196749,0.8556532344375214,0.4083432983750211,0.6895487806541741,0.7933566766472817,0.7536789885236043,0.8480362697080328,0.5843234028962982,0.44996425580596083,0.2902113682048199,0.98863841235582,0.8809887799013956,0.38980363438436744,0.9785579611523592,0.999628375110863,0.6572517426682227,0.5879613129625274,1.2026279760099563,1.1064125685216213,0.3396452767288177,0.20474200201610304,0.8152492628847714,1.0242004515453607,0.6894079398501473,0.15815333968178277,0.9106914632995303,0.8034738255870222,0.7891528140210714,1.1672686743242549,0.6931019387489582,1.2657382117446225,0.33476312217575893,1.1741467477920153,0.9147126654634026,0.27795751499191634,0.8358958810646558,1.1524039306576908,0.5768701390477492,0.8795858131004425,0.7010899290761152,0.6432128732809494,0.8637294065442062,0.9875573397998372,0.5762298478639899,1.2806182694762398,0.8617880510394949,0.9526996266592006,0.0934367538875727,0.7366352009166434,0.5886495303879344,0.970872147648308,0.9575576289176544,0.6062183984483556,0.9741964058034426,0.23106104997887486,0.6285857598030853,1.0206743893948353,0.0,1.1177065613419135,0.7622676149342653,1.13146945497854,0.6081837004581869,0.4907844204066011,0.5849041493840523,0.9664419080658306,0.8424305288487183,0.7181608789482417,0.10490032644099008,0.41996723387431956,0.4522915955485986
1.9848037621105974,0.9760905062872579,0.9843962143374324,0.507596433796291,1.4564450695580233,1.0541296841371348,1.7573081744460683,1.1784309673326903,1.039971651204266,1.9339040960999792,2.3365308924201575,0.5704137566077943,1.958626511084194,0.7360373436311015,1.1386200410965763,0.42192071562064826,1.9693246475198638,1.990148836855027,0.478668306868951,1.243724740125594,0.9204256736214916,1.4889952138058433,1.029023520296699,1.4832964705936618,0.984437381368531,2.115141503253777,1.0662090389941115,0.7692543831778695,1.5377397424293255,1.6025837864175385,1.9308874604975632,0.5996928986795509,0.840001480881993,0.36118632775247156,2.360753090170184,0.6640942471461425,0.9396097953734818,1.407018394245944,0.6792722551284236,1.3144522582973337,1.6486467455329714,1.8472174229396092,1.017945160925195,1.4608539376082537,1.161346708075329,0.9552400995158703,1.1752118937071214,1.5287340921999095,1.051127664251816,0.750917777062047,1.3997443679123536,1.8743643405585362,2.2661143079191457,1.0404491203202884,1.7585947563611568,1.0148755121812365,1.1786622996731715,1.440126480455909,2.054690674624734,1.9114692077201823,1.2819747280416949,0.6060145673357866,1.9793566597561736,2.1836085086716275,1.9900030173030876,0.17691334156387212,1.1873240221925636,1.9047213546840602,1.9463563658147078,0.20292829802961576,0.896973686445893,0.38594848776192225,0.7653925306034444,1.1012786511056663,1.8410363751692502,1.9825241199922694,1.2584957169089037,1.4705721775316156,1.0348028069642514,1.6646518678382016,2.1255084537255904,1.9969170787188424,1.757176150756386,2.08945100706456,0.9243055462407952,1.8513931950167843,1.823192595515982,1.6958487497216712,1.5383249197913818,1.6380485452022913,1.2245073745649642,0.9733787843609883,0.3810981637997638,1.698613438678332,1.2342601581516706,1.371425394698054,2.404457061180715,2.0416993407686204,2.1286839810850586,1.0752566354990507,0.9329876703035862,1.618158074339006,0.9322498902555447,1.3638005963591615,1.1159528840089885,1.043428255983882,0.655326663787097,0.37930236788447824,1.431127930049789,1.0379725027548505,0.4878887435412011,1.9859227659770466,1.4052158632902816,0.4006570331737298,0.464745297498096,0.27990259435727594,0.742913572505023,1.2565114634302939,1.8294231448923421,1.4659357401608766,0.9640781703531222,1.957943016550253,2.026399932677508,2.2254919589228965,0.736318293191425,1.6937442643546339,1.5534465625083285,1.9272672692933848,1.9939199202031326,1.532854515260057,0.2807291756037976,1.1636484071083102,0.5829024693615396,0.8117002537903648,1.8001247626658377,0.33101993644752176,1.4634885039034935,1.9645450540816083,1.7004462664071576,0.9250860548063894,1.4070244590843781,1.0131799723438086,1.965722492858163,1.44180583175043,1.9932943492012851,2.1170728941830164,1.561982997867018,1.6322234573978767,2.2714126550460536,2.0470127054024223,1.4519162074373677,1.134339266575305,1.54405482906957,1.0102868748971494,1.756395948420654,0.9614921794584045,2.027502085184061,1.8458697347372495,0.36065924620329043,2.2559485409543036,1.6888147450824897,2.366950945906304,0.8106862994755607,2.2803912115022436,1.7315957742174615,0.8607342396480595,1.665982532133237,0.03593239769870938,1.6932365614660607,0.6495604931696038,0.44785847350287883,1.4086795157739591,1.9523179474518728,0.9536562244488145,0.5816455220134966,2.328536859588734,1.9497678992233494,1.1272880478264982,1.2105869538677156,0.3882033633758852,1.4569354614401209,1.8709300233105433,1.982219209873422,1.2058560808533543,0.14763468906778993,1.3340382543036924,0.4898164297754705,2.134582269187871,1.1177065613419135,0.0,1.8777662681741094,2.191275016685318,1.6878450504521902,1.3564923174998964,0.6608954237431321,0.2862451672623745,1.3852314426525865,0.6466179681654601,1.0295384815367687,1.2139687826826557,1.5217807681884143
0.33115200035790976,1.0809367360172781,1.5701094894651473,1.3707974357407373,0.45170435889665,1.4264511349192457,0.6893176065003755,1.0363547867078906,1.2673788984428422,0.4635284628061473,0.5063202375220098,1.309739817778468,0.37373242158014286,1.1417843927529026,0.73914634497816,1.492669757667921,0.6423224116076156,0.4635098276485823,1.488896658851515,1.0201204904299965,0.9649058530667791,0.4008989805934865,0.8673929114202721,0.9568456572694173,1.189940012132769,0.3084351466427333,0.8115700814320057,1.317777762555482,0.4203864649881007,0.3968751357683588,0.6940575009534242,1.2892590028441913,1.315261541856293,1.5729734930237622,0.48450271780314086,1.4246277190280479,1.2059010445297524,0.6525870332154227,1.3563307125346786,1.0647957678055096,0.4580902387337012,0.6319339841913797,1.360903622134933,0.7843068889008444,0.9952337380112783,1.2769986738038033,1.0379200512292435,0.40233339408039237,0.8375652010405951,1.4652793047794934,0.6706885219884695,0.14894282622120467,0.392511742505997,1.0860901390314135,0.14814754105396166,0.9411059426241798,0.7000238721267468,0.4985135955540745,0.4311286871392979,0.34450144312141145,0.7087487002775358,1.2841190171923837,0.36675894653105906,0.37763118864718187,0.2735747663306539,1.70483813554114,1.3564110122898716,0.4112949260332971,0.35232867790113226,1.742023959637469,1.1378251577904006,1.5669882618386917,1.1807871198207818,0.8426630104469404,0.25123494971241267,0.12511799519048789,0.6196824118618768,0.8316573227754368,0.848031808465721,0.7937647409704686,0.25222227068168207,0.3587105079628482,0.5830376191855013,0.4154424989379902,1.465897548282136,0.2724765599367146,0.2375555783079533,0.4947883192503203,0.39205496477949414,0.8793188672008266,0.7281209711364106,0.9765105050871612,1.556878635915749,0.1871181177587648,1.1421097208898319,0.7951275123577342,0.6382853789737873,0.16647446774821079,0.2568218943468733,0.9612017580327381,0.974021513964656,0.8248329619338102,1.1028385509806997,0.695560190677268,1.054491512944315,0.9274301437890722,1.2801487874429918,1.534228812228029,0.8327358916922141,1.256375959151906,1.3979181289759224,0.41337653010224956,0.7897516645610737,1.490559991837372,1.4775866280848697,1.6646023657653575,1.1405033764547432,0.6217561823978563,0.7980523920877194,0.7287907969035852,1.0453238291864062,0.09288958503341305,0.15064603773111443,0.37058272977292606,1.1521831835336405,0.38703422543189336,0.5806480207505236,0.26609812367200647,0.14588478902575736,1.0345081694493403,1.6566723714520653,1.3538684974925637,1.53666605797881,1.138388032643153,0.09494338297442015,1.5500794639099469,1.0197957915539668,0.08872148784642092,0.1780214666340301,1.0646635253426853,0.4801399373410829,1.4994061553286928,0.2488459957430141,0.5567448572289756,0.5030919456085808,0.24450056133760076,0.6431571818391162,0.5024990604774562,0.5319639300037212,0.7213567186969754,0.4260297047270595,0.7715154380648195,0.8990081333077461,1.5392804248464842,0.2905340380606765,0.9202789568171713,0.15193218847976128,0.36752995483654194,1.5386057759863716,0.4550873158263547,0.6094804765870859,0.5211581821459106,1.089963203968132,0.42290379752645707,0.8218826324578576,1.034280917533882,0.7781732008066409,1.9120482821971698,0.18565647604869764,1.537712356752232,1.461969448841623,0.9332000443175456,0.22451372798907224,1.5263156780223501,1.316801362503269,0.642180247895703,0.2262050693424038,1.3999659927883534,0.67121892755198,1.4928128134586878,0.8068636797744524,0.7205579161327447,0.4688965296723159,0.9841377088880697,1.7355464292003606,0.5453396322093067,1.3879498396780283,0.32191267789197714,0.7622676149342653,1.8777662681741094,0.0,0.49448481818510637,0.27824523887155383,0.7173125110520276,1.3221199035291935,1.7051280977368581,1.0915102012796045,1.397210383094004,0.848419446049313,0.8134939363845755,0.48593895232988776
0.21362690446648164,1.2709083412880227,1.663554316678789,1.7011777997354294,0.75230631250904,1.5088257621730294,0.5680244300935403,1.5065565176611362,1.3768478694255117,0.279735175158149,0.24364113382601799,1.6257203124366761,0.8150897748009827,1.476812368960789,1.09408316429715,1.8477480424653911,0.3711793736049647,0.89743694844546,1.8631328428045475,1.1001801763424723,1.3314550078031349,0.740595251466491,1.2555282714828235,1.4501576208902958,1.639982837242235,0.6218292277884788,1.1626078967548081,1.5184767012718339,0.8946528792967374,0.5903714188058516,0.4466696307417625,1.5919276104580762,1.4895951040428455,1.8524046205917664,0.42299702331328826,1.6364574039393893,1.3694234408840793,1.1302296715896716,1.5810724060444648,1.5500235919584195,0.9523408111633547,0.4598028358167743,1.4631972013811119,0.8252142668636924,1.1241676923933759,1.4166175330145525,1.145661336766683,0.675022618170673,1.148802244969104,1.640414720606246,0.8115794437739615,0.38670889415041526,0.36644411788968034,1.5376016935675327,0.512839930182737,1.3600374755731293,1.046551256741588,0.9556086744488332,0.1388208614569629,0.8032565140252853,1.1638030430884083,1.585461975808233,0.21225584629355757,0.173695716482849,0.236678016883526,2.0143796799042426,1.4000050001936941,0.2924676553529698,0.7979057599923024,2.0280685306875457,1.5639994601236547,1.9298649534335997,1.57407116276407,1.091706751706344,0.36725794728365596,0.5110141103802981,0.9919047966644619,1.3235451461638266,1.2183306936294687,0.7063784358210946,0.4624118263613404,0.19650421785934052,0.5000166282046019,0.7927335772523597,1.586159707653214,0.7515957568481448,0.38951226138415224,0.5133535724124161,0.6666698315838209,0.7894870941246752,0.9675453064827354,1.3894745817513101,1.833974850562641,0.5797302055337465,1.1976090401785853,1.277790372203044,0.21755270792532977,0.39683371006436907,0.35380448263312936,1.1517476756472471,1.3627327019280937,0.7579896454436267,1.306057846994093,1.1694639427403666,1.1853867397516067,1.3536924121021672,1.5471860160822029,1.8858713356916657,0.8732308974305005,1.368708343474018,1.7400542193526227,0.20882535669203384,0.8629381720895782,1.791051547130559,1.749010433244367,2.0161858345031343,1.4531850202722552,0.9945559670516411,0.6075716355888785,0.790532032811217,1.473286173282568,0.4988274935661776,0.4545815135151144,0.2803895659304694,1.4566477197205774,0.8815190433251472,1.072564897013471,0.28423595875682023,0.5272015898268777,0.9741779617461267,2.0069731132111284,1.4060651389840335,1.7517881905516668,1.5369643309987644,0.5025945340388892,1.8609528667310096,1.5127242052484484,0.4693787867004477,0.6212686323397761,1.290085740741277,0.8956217020619714,1.5886501796881842,0.26556707544724434,1.029367209346228,0.24006415301496295,0.46585926485883794,0.6803180664638783,0.9967535991966994,0.08712465370133148,0.38904141044855023,0.8068116918862872,1.0595667216451266,0.8568945986156801,1.6267066540795745,0.4431023589537197,1.2830124094280342,0.45548643556129903,0.34579775299022647,1.833923898962538,0.15977527010318165,1.1021796533946298,0.2939207922451288,1.4646891014960723,0.2957932888130525,0.6880338593015418,1.4079716497027,0.6938200673349019,2.222944685628856,0.629546813046251,1.732710742462026,1.8169389813711463,1.4229879070176004,0.2884504211807695,1.6318492389051658,1.6100896729491538,0.1534584881125661,0.28883404972896737,1.4603201258689933,1.0539276467763696,1.8043422508626819,1.2976055152396846,0.5127037319305513,0.23238493246849018,1.0942581420415556,2.0593196839049352,0.9009500196203096,1.712638283793094,0.6185735815648932,1.13146945497854,2.191275016685318,0.49448481818510637,0.0,0.523417213345608,0.8605040432334606,1.7161551718249402,1.975379569720556,1.090470601301696,1.6224693048742518,1.1913000204683755,0.9979690651992411,0.9674091011585566
0.30979367805893376,0.8270819119781176,1.299438577104164,1.1891173303218483,0.23271583224047648,1.1533714789710283,0.45450805007631745,1.0164742805978102,0.9970155688577107,0.3372671158575,0.649120756642628,1.1180495851563461,0.614936968708535,0.9617545001927439,0.5717053398390228,1.329624700473724,0.4861644582345793,0.7019874371343753,1.3414832758223592,0.7438242277551029,0.8091069912091334,0.2176018307656095,0.7322317952492614,1.0203124264605679,1.1304897750876455,0.5866498213319511,0.6412907634692252,1.07073924599339,0.4436750087358082,0.1193184960715233,0.5134202678453571,1.0891177385413973,1.0599213470606783,1.3621282312876646,0.6996942091835827,1.1826751275232843,0.9462717311675977,0.6643767640263004,1.1185604850929352,1.0845266163625173,0.5661486960296035,0.4293520561825648,1.0901849519906803,0.5067669025047189,0.7249864536593974,1.012473424300011,0.7648955784309844,0.15923420844541955,0.6371819559357529,1.2117049083104887,0.3959279859045893,0.1965731374000766,0.6025695944568097,1.0302295368412024,0.1336830539657651,0.8405681526772346,0.5248152052987065,0.4735313592801361,0.4004153074412461,0.5741782128484845,0.6676157803861236,1.0831360607761606,0.31744360212289735,0.49585050116651375,0.3033843989208033,1.511699522819018,1.079352464978914,0.2849806088352486,0.5926448553851039,1.5357624069836469,1.04496177857843,1.410340182675828,1.050655385915498,0.6067300743198203,0.15699485444821215,0.40215472088340243,0.468645503547447,0.888961092047997,0.6952309575889951,0.5373088132357566,0.509644323617258,0.32852013560723325,0.3525461167350881,0.6826214112200496,1.1991257072995563,0.48639792395482845,0.1366553683662798,0.24402774535197166,0.14953278040003118,0.6184693354645405,0.4843462713504091,0.8684276333178849,1.3447040425689378,0.14266358838097198,0.8648579271633048,0.8148148024313893,0.7253127729112665,0.39911361248947885,0.4705878802521867,0.7053111133135007,0.8393331440842239,0.5614484149636696,0.8537168083860173,0.6951772777673058,0.7854602199719456,0.8364783526931051,1.0603525297523688,1.3687143114296052,0.5548155801254812,0.9863830817766723,1.2247219225880392,0.34297021612517276,0.5115638616401169,1.2907485379186703,1.2618944691689538,1.4995202805245351,0.9451523098987731,0.4713128416221382,0.575653950088521,0.4508280248644042,0.9554600839495875,0.3694186325680545,0.4118183003501517,0.5468647807624079,0.9517690356494631,0.5145611404420934,0.6529691111749814,0.24306966449015874,0.42373429052116107,0.7631037368464076,1.490605614865269,1.077375783417272,1.2969724213640912,1.0137071413045033,0.18525675035344383,1.3568694214134183,1.077924710542324,0.3569299152953882,0.20883107294404632,0.8231585044483294,0.38640900557298413,1.227696597648702,0.27816584429894375,0.5617053449727721,0.39831180988696635,0.5035760056491357,0.3694732498694713,0.6056358918195547,0.5949599098121711,0.5795505875130864,0.2891095485595037,0.5547813967275196,0.6280561583825369,1.2675493288101838,0.08708527103573811,0.7608821366121348,0.4134034082598029,0.21509896035222192,1.336156840609071,0.5683621831435587,0.7387470283922436,0.6815758356159806,0.941968645066265,0.6011786462092198,0.5768999078547422,0.8851856984544243,0.5220251292553972,1.7206968189021645,0.2124945892636813,1.290962902653816,1.2987211552054974,0.9750433428903867,0.26455464318163685,1.2573151880373732,1.1114162025948147,0.6735619057711499,0.2619520247912491,1.124353026766728,0.5310199153670928,1.2996419859696242,0.8584532061809015,0.5163570566308678,0.3706473694284701,0.7107779193801341,1.5514244912145227,0.37753317716196205,1.202526738769853,0.5998262540336238,0.6081837004581869,1.6878450504521902,0.27824523887155383,0.523417213345608,0.0,0.4440766312370334,1.1927472244808184,1.490518848282269,0.8138384148981698,1.1600785869519374,0.6717063935523777,0.5522624667592126,0.5223697516813749
0.67322522378821,0.4104192950016033,0.8554411619183189,0.8973774623016386,0.3130623213670952,0.7095634807729203,0.41350433450331125,1.0349377697910827,0.5532397325713491,0.5878016434177653,1.0472202864261873,0.8123727007707734,1.0071897560174166,0.6971789502217748,0.44155461702905774,1.0628777836678573,0.6139003669677772,1.0855880829205893,1.1026581044472106,0.30557561339541184,0.6236794134548965,0.3802576751827223,0.6096656999663158,1.1617454888877445,1.0685286148077786,1.023965674970984,0.47433811022779726,0.6581420455536222,0.6770326239487061,0.32581039396053973,0.5813669568468308,0.7687942858340306,0.6333199149675117,1.0053088026799963,1.1310518939131742,0.7759548385787772,0.5148711972122947,0.8035232686835797,0.7214894506650569,1.154411310961866,0.8440575829461102,0.4931043043763346,0.6462406402008135,0.16832392352488038,0.28183637039927256,0.5734475596183976,0.32095031642294763,0.3251502424623368,0.39784049705580365,0.7854269949455438,0.05040419468750935,0.6346602190996758,1.0348148142038918,0.9881726513072026,0.5691655993781798,0.75592407908883,0.4017445911010361,0.6363790789079506,0.7217092896675213,0.9597570618848595,0.7301895789591847,0.7615961525712641,0.6566320665227049,0.8960177568738107,0.6995487212738891,1.1807531049044089,0.6424679375469909,0.5680401687299019,0.9857854914391736,1.1809944457348835,0.9368521576872936,1.1500762854134985,0.8733287959045213,0.2741181271647055,0.5586874292351852,0.8424124775397583,0.43358098853162613,1.0407822320818119,0.5477529236665505,0.3615608812070034,0.9536461754821797,0.6778387412219143,0.40076893590981133,1.0982317203276657,0.7571530093421277,0.8701686898683012,0.5496972414336746,0.348199918723181,0.3342942240521471,0.3858260006939628,0.18221587858252183,0.7637946897709352,0.9861615323427599,0.5442320650631345,0.430254548525295,0.9283000732315737,1.0780263739033424,0.8420743920255993,0.908492499841026,0.29182586066052835,0.6900950338039031,0.33658378022653723,0.4459952412081279,0.8090062036522458,0.3430843357242309,0.7700470164467438,0.7019107180587935,1.0948562236842962,0.18567698427297796,0.5427735908007311,0.9465442069926803,0.6517232767363118,0.12330180394492238,0.9576130061977658,0.9003658635717482,1.219095486761783,0.6499476445309855,0.4356628026654923,0.5111456350299478,0.13367072585499518,0.8670536517167386,0.809981904992289,0.8557562572982738,0.9689389746129528,0.6446932241883988,0.8239588780140567,0.8707293393754877,0.6350846552749557,0.8629929345836398,0.4303955232850379,1.2088710548765762,0.6383767518127356,0.8912976834915645,0.8519623428141796,0.622383692690874,1.0326031984746313,1.2047707173900246,0.7997654021512505,0.5922762508336428,0.4354136753210478,0.5082661963025272,0.7836211051708858,0.6825527044793064,0.725203613973723,0.6434746138137097,0.9476355401659062,0.20727570190477335,0.8688737186494225,0.945733868793762,0.6954501240761352,0.4335359363598966,0.3048790188547648,0.3269538827858367,0.823475574714577,0.4735567419489421,0.5798071650785628,0.8573318256598024,0.5209899679501822,0.9958349136623059,0.9568833596192944,1.0042561806869634,1.0874136735463193,0.7463320163966973,1.0208017870398451,0.43386868598975253,0.6975138757505015,0.3556311220858298,1.3859533614330233,0.5904939060949895,0.873927723505386,1.033767308015244,1.0921635255093596,0.6781440269729462,0.8138800010906239,0.7786969088505453,0.9853437915764695,0.674669184415961,0.6831406855222921,0.4799920611271304,0.9785015177091245,1.0076653784982295,0.5287921458242661,0.6369141358136774,0.26696091083846457,1.2348507311043262,0.3807790048933797,0.9024907766087347,1.0384719603772088,0.4907844204066011,1.3564923174998964,0.7173125110520276,0.8605040432334606,0.4440766312370334,0.0,1.0000177133373742,1.1226774441684797,0.415497963110613,0.7627075753921633,0.4787486354920495,0.1425673348958434,0.7379847181554344
1.5025387767418017,0.774611638782134,1.1221410713045483,0.28881576617561633,0.9664215494703184,1.0975282774242152,1.4077330805906019,0.5195412181608212,0.9862892115594191,1.4962645090814364,1.8157840630749764,0.34248804303322844,1.3354132122952729,0.32592681456747447,0.6245516930292144,0.24428403549510988,1.581862934585251,1.3562138219682969,0.18711004840085585,1.0448887310836252,0.39062855107107913,0.976026359381894,0.46169303432790043,0.8245552262577155,0.3372884825452336,1.517718084559151,0.5603261212317465,0.7352216285168508,0.9347586782617614,1.1391294319706604,1.5651753247982478,0.39377880233187484,0.813633220874421,0.5491827584805407,1.803206927585194,0.720284217806062,0.8355682932353854,0.7680748996985439,0.6650783104049663,0.662289900776068,1.0194841209832117,1.4708745340364928,1.0247780051516184,1.152788006894666,0.9384820028557672,0.9067453739755615,0.9816118151723896,1.0444231181800756,0.6063855614936065,0.8457051502298284,1.0268265880192062,1.3545853932947274,1.71394564056562,0.3804672217763328,1.2281873094368532,0.38835221417695787,0.6731863188918478,0.8400263068697311,1.5898895001769007,1.2912560434717473,0.6532040500192487,0.3990386035833365,1.5079759968938509,1.6694657909674617,1.4907018315777716,0.533763455014486,1.1764463322857142,1.4547235658480606,1.3258387402062888,0.6303321758984398,0.23658623725251862,0.2797912001175421,0.14253257104636805,0.7300013652457171,1.3493064254337632,1.4100970982787058,0.7248109003010068,0.8101601360550591,0.49878053500327413,1.3591915541872996,1.5550685208723944,1.5206784251271186,1.370849617143666,1.4677191459408345,1.0063333415496056,1.2424252202540773,1.3277191764423446,1.279715266551516,1.0519757162485042,1.3675677766405923,0.8236855594163776,0.3493361271464482,0.5493171811704641,1.161960524305831,1.1036083471718998,0.7150041628036812,1.9145667091931515,1.4884441582806611,1.5789415955897157,0.8045456488457454,0.3538526857568143,1.327282140051935,0.7352508523853831,0.7220914857736298,0.9259482463149225,0.41001771219964783,0.5202055023043315,0.28412091013018126,1.1443864202192506,0.9771175102440848,0.2470037667427037,1.5270222990240794,1.0954795860376174,0.43814760663430624,0.536638490190186,0.38936455507605483,0.3987390548390918,0.7222090831170811,1.511038579234074,1.1322407021357956,0.3113176165641415,1.390354518888532,1.462176599209648,1.6890870278898642,0.4203587473760869,1.0733938799964904,0.9120430839791904,1.4342577536013197,1.4173589559588164,1.3344526381525006,0.3854724267613523,1.1539156195944784,0.746123402318215,0.18374813700392814,1.259712678831165,0.42960984560327886,0.8087715043459363,1.402824789827613,1.146199151358736,0.6842310526514445,0.8431778198410391,1.1048267752539531,1.4632750339098524,0.8201458417626111,1.5597499983901033,1.5462116502462904,1.1973378766065361,0.9970841032000577,1.7863730227904064,1.6723731416783536,0.9159013217434503,0.7031064812891287,1.287016589453336,1.1257365380924464,1.2743120098548255,0.4392080981700636,1.4630104850124004,1.38726033632982,0.47780727516871707,1.74659581613124,1.0387088146000643,1.837905779415602,0.25800724994317953,1.742864281114837,1.4317239649278686,0.3126759259851439,1.3544931177507495,0.696385886844643,1.1380924366943994,0.810088253124507,0.22527440679125776,0.748459645023618,1.4451052946941565,1.0700966032184231,0.42747596268337984,1.8655197312314065,1.443354401495122,1.1470952519824515,0.6640217033389815,0.39914045516709645,0.7974921022341661,1.5213755075296955,1.5400800497711573,0.9822506670167447,0.5173180757468201,0.8152218007413682,0.31457276423627406,1.5375424270715294,0.5849041493840523,0.6608954237431321,1.3221199035291935,1.7161551718249402,1.1927472244808184,1.0000177133373742,0.0,0.6544227523600594,1.2229576470105628,0.6707972112294862,0.5389623962670489,0.878033671099814,0.9029095942749444
1.775183157831944,0.7237374780434044,0.7014695640015941,0.3997128334736025,1.2650211573478727,0.7678959522388873,1.5100228055119969,1.1590575153460956,0.7591826348378462,1.708869080666447,2.137898934107914,0.41980590497555115,1.8335296196377675,0.5934550235457233,0.9766181746057243,0.4242673661693652,1.7282470569782158,1.8761624387767648,0.5155698273626793,0.9775745892852881,0.7898323699001369,1.3064121654963685,0.9041749296248209,1.4591266051961518,0.9908655504655961,1.9650037467110413,0.9069160886891482,0.4980017362239353,1.4056671033089536,1.3950510666508844,1.6845965712729618,0.42338619762365226,0.5628658559560145,0.13437840353723363,2.1808110455554437,0.3858855772678937,0.669500704839578,1.3135067093623523,0.413322917011616,1.3095478025378433,1.536546260846151,1.605210857529769,0.7329180817877468,1.2106292487870245,0.9030249374843087,0.676251928730945,0.9104891328536062,1.3320611732053087,0.8676041171947259,0.46525741943770094,1.1689839577134487,1.6833343052724599,2.084462545892661,1.0200603338238168,1.5755506423585341,0.9306686950976605,1.009593601308482,1.3095361683033215,1.8370803918867784,1.7843416485470547,1.1825767081975447,0.42726280820042006,1.7655822711866074,1.984139062959943,1.787338158277551,0.18203753064234887,0.9017072003925144,1.6845333277129646,1.8188466332941449,0.0847313289789956,0.8681757373397362,0.4475962710119923,0.7114287370602076,0.8868029030270872,1.6383153512523498,1.8176263811809938,1.0974337114476533,1.4213152595274678,0.8929785253524691,1.4088480702334911,1.9567605194338835,1.784689021613186,1.5197927311997819,1.9606302233301818,0.6380877603759876,1.7154848477649844,1.622471755303748,1.4689936587591765,1.3421494030884062,1.3755598598058842,1.0112866059267729,0.8909847320158994,0.1487355604101129,1.5203806974158396,0.9578564468516726,1.308363711545184,2.19152043304903,1.8643498604386897,1.94785353195492,0.8330590672425943,0.8259261115954756,1.360171230453568,0.6823593189913034,1.275355964840378,0.8529798643513972,0.9630416945782319,0.43037021540118425,0.3976548992268687,1.1768614107334439,0.7579867659310121,0.4162168033187475,1.767365656638822,1.1571420222260589,0.23907232115071508,0.22867110237623828,0.38931676255576253,0.5718924985929009,1.095882775158037,1.57347945684514,1.221913691030126,0.912433103667403,1.790559799985224,1.8556499818819145,2.0360838874769978,0.5561429144757203,1.5716796117053484,1.4584290403619224,1.7231900133197655,1.831421360974112,1.2600496473002052,0.3818042167919626,0.8781293027884204,0.2973038028731451,0.7525536246228838,1.6210899999735713,0.22486959687603517,1.4515181206400936,1.793531876313596,1.5315579090168498,0.6874347656587712,1.2542676886943098,0.7276330059357997,1.7648942391841644,1.328847199341871,1.7658077336651548,1.948729062576003,1.3233673668422878,1.5272228600147633,2.0582486729467395,1.8012786294530794,1.2820555700351401,0.938234554763409,1.2808467031022306,0.7259750235089452,1.5517753894569157,0.8216425904304573,1.8568909406539649,1.6300375753394387,0.1892388380192655,2.0532366832583397,1.6040103260267256,2.17188501532777,0.7104719678129016,2.0907459095879566,1.473327517188849,0.7485855216515156,1.411488791711125,0.30213774760063733,1.5250593339019893,0.36331817792777094,0.43397788707676105,1.378196808114196,1.7538569870816185,0.6687556573346135,0.3909011158041603,2.10625373153822,1.7510040847940471,0.8411592443558737,1.0592585344466596,0.26339854676820224,1.4020523077582694,1.6215570377702238,1.7578167560009879,0.9458132435467153,0.2589630124809356,1.1613727043126356,0.37302663217511567,1.983834622654391,0.9664419080658306,0.2862451672623745,1.7051280977368581,1.975379569720556,1.490518848282269,1.1226774441684797,0.6544227523600594,0.0,1.1099313457953843,0.376266090030515,0.8672147163224598,0.981104831019804,1.4034347945074588
0.9536139617562456,0.45406218880291266,0.5926430422718107,1.0306068927382128,0.7269579237626779,0.43964180155028043,0.5247216120903909,1.387452136008046,0.3586289535092273,0.81640550491959,1.3162711418185122,0.9415284641560936,1.4108435874584468,0.8970374377547565,0.7979107502484143,1.2047775860853904,0.7454937467372679,1.4922854267752546,1.2709075323659937,0.17973674071781173,0.907978023357979,0.7937003810088148,0.9364576677670999,1.5525672430026844,1.378364673769271,1.3992532418883974,0.8037508142605834,0.616093680938514,1.0922425868483112,0.697380291111597,0.679340819405415,0.8860780374958278,0.5470656429839534,1.0265369250646508,1.441139935411737,0.7240473078096581,0.4474169585563511,1.2052453411172839,0.7072239082613471,1.5220425339425812,1.2595387094278125,0.6347689616387353,0.41858731133540666,0.30720774837991066,0.28673408306890674,0.43519237508637537,0.24144887512811308,0.7277826002524289,0.7021125251371861,0.6653538052164888,0.44712968513099705,0.9811172790385899,1.350199046259008,1.3149139603273086,0.9470166930067675,1.0823450702119382,0.7704999308181201,1.0476893662321825,0.9627519455441836,1.3649790670965023,1.1177461136501166,0.8785804516121247,0.923743523835573,1.178935420576161,0.9999853143288009,1.225096704211126,0.3134496199702098,0.8236758735972606,1.3889905392661188,1.1862915382287833,1.2297490135952491,1.2903473072100153,1.124008040936214,0.5517663889956498,0.8852055590964939,1.2138492066950277,0.8256903145588903,1.4375268376767005,0.8720104314849968,0.38811012746928386,1.3052426494658607,0.9475143711654068,0.5942966189771542,1.4925798175686837,0.5457985528064647,1.274971975290258,0.884642623005743,0.6240034492559886,0.7356452921131245,0.3163719804849072,0.5431706040825737,1.0781134003445902,1.0068128011376394,0.9361160080641693,0.15253005763662492,1.3191606921840795,1.297570953651725,1.1894941219220039,1.2398138334246689,0.4251861175318177,0.9874531101730223,0.3345076862730507,0.49743376089389063,1.2051052107244595,0.2988966253947025,1.1042905017324358,0.7734182453227767,1.2249648057220333,0.2592230109863835,0.3569700276539225,1.0893238736608297,0.8996153572912476,0.3090286720507439,1.0245373141968086,0.9279841831712596,1.3291314977203665,0.82587691300978,0.8272922145078164,0.5287021222043157,0.363157707081028,1.1789933266744614,1.1811169650756217,1.2149203230469563,1.2720229132181202,0.8072176675366571,1.2387052420573799,1.282550025147228,0.9419850798586699,1.236017932026365,0.1541395366372204,1.3182132434245393,0.32329409058055547,0.8220634043054931,1.1173539359247517,0.9990875157059272,1.1031521370712813,1.5901930093245291,1.1655847399480608,0.9913036105138185,0.5403683723342001,0.9204810827339751,0.5190822661367994,0.9918079169616092,1.13373386182727,0.8504590402764791,1.3006637298674437,0.4535188138653481,1.2839617123497877,1.1768058923394136,0.7872897029680663,0.849009237686303,0.637706542784814,0.23471589400126378,0.5536349753864102,0.8130913628275832,0.8761611769922283,1.2165682548219694,0.8059021298749979,1.046238372027639,1.2226747827828315,1.4187646874893625,1.362955583050035,1.0007054035220506,1.3176961920356849,0.426772966347901,0.9664064053228035,0.39905156970097366,1.4072722367809904,0.9907664519991588,0.7730178786668227,1.1810175322092484,1.4780510601986427,0.9955857566284638,0.5724617554202296,0.8758700181151312,1.1768596255443327,0.9917737417739131,0.3792342134911031,0.859998798640403,1.0605559178803803,1.404728714494421,0.6070772283663434,0.860304493526443,0.24658062461464816,1.2954969881250396,0.7883048676207398,1.0243596394793213,1.4115707163104123,0.8424305288487183,1.3852314426525865,1.0915102012796045,1.090470601301696,0.8138384148981698,0.415497963110613,1.2229576470105628,1.1099313457953843,0.0,0.7386263644899659,0.790963860591014,0.42465919791436413,1.1516402870649978
1.429088427096778,0.35451909049148045,0.45300455555126884,0.3921058649777677,0.9465084944220684,0.454559019333861,1.1380198406662765,1.0747525405079439,0.3995433202430283,1.3503875705699253,1.7987039980509711,0.3285689916213642,1.577543959624852,0.4293358467654105,0.7120175984694861,0.5410834259496958,1.3588562264711272,1.6324533142207591,0.6292271843806334,0.6013823495806195,0.5961632299125822,0.9969825673475166,0.7015870688414803,1.3463645951620553,0.9594420398979537,1.6773750567852486,0.6530234012149001,0.12273578799402114,1.1549146437332698,1.055800686277836,1.3126274135369231,0.2812352541573233,0.19634807015365724,0.28921264895819,1.8589374385758257,0.050450847784163456,0.29395393661090186,1.1178281293165366,0.04163463563741178,1.2319724746754936,1.3057221564094479,1.2356988865555136,0.39716452172030614,0.8381954357163314,0.5281725634290001,0.3125591828459273,0.5342261917213389,1.0057074349754043,0.5818467866453255,0.17492113880897256,0.8110482116157446,1.3562243153696079,1.7618442207360858,0.9492834015686522,1.258755874255509,0.7834169472513819,0.7323804971124283,1.065238457622919,1.4836571522101265,1.5271480464713256,0.9879798361035418,0.2774666579141046,1.4159227068388318,1.645397182209663,1.4474920688786859,0.48914418434304185,0.5668285547457675,1.33010733946055,1.5603415275178134,0.4488807225978975,0.8078718053528969,0.613925370905727,0.6487032878592024,0.5556421042817768,1.300148185193793,1.5161721789436344,0.8250722537759143,1.2776979965325048,0.6666691888029046,1.033696992263713,1.64895420451585,1.436210573673799,1.1535046442729786,1.6974470574498912,0.34412055113618667,1.4495740988201586,1.2864765911548288,1.1109074432241695,1.0160976253437919,0.9993059107804497,0.6758573750597958,0.7521116696145808,0.26979984394222684,1.2101034594296507,0.5879486033699457,1.153561164254276,1.8398085570734413,1.5487783193835443,1.6275880777043374,0.4709186895212907,0.6616172052458313,0.9845182398982459,0.3167302294170943,1.0888782228911513,0.4769198363287772,0.8168715394076433,0.1719893175929893,0.5455698846792363,0.8026948440763992,0.39596908829249283,0.4485653686621847,1.4136571310521608,0.7861556895981029,0.3115905875871652,0.19785904648483357,0.6222663160437222,0.364542888132184,0.824206779431657,1.1981133632434982,0.8530347138103002,0.8136538000263979,1.4868521065857232,1.5472056870544206,1.706353414639877,0.3370896851612479,1.3270367695646657,1.2528979714860489,1.382706848113433,1.5323690763358175,0.8866093172028402,0.6115439958172735,0.5426665186964992,0.14042923800645224,0.6727492911520018,1.3077738678757909,0.3846714096992912,1.3552622389820996,1.4858129931716069,1.2316623089159153,0.33712610696330036,0.984021505033484,0.4442594641827528,1.4270257505572188,1.106583437583291,1.4051366740337297,1.6414665670281974,0.9574564114354178,1.3057902255991125,1.7070691809214047,1.4293223977078475,0.9889325178895719,0.6286954888315622,0.9045825249825401,0.46018015781033084,1.2129314406419591,0.6083470428901007,1.5485762446438407,1.2798044531440504,0.31950491206501663,1.7110123361125609,1.4052185942877935,1.835678518480554,0.5803814353757527,1.7602787504312025,1.097525705326435,0.5914871775816947,1.0367354349746443,0.6691070158418991,1.2261534780956616,0.16516771408189168,0.5275127742182413,1.262031409448471,1.4183909132069465,0.40267987238875425,0.24408204614692208,1.7477671951615015,1.4152784272103676,0.5182861539121304,0.802893353566584,0.3559399611300516,1.2521470018137575,1.2483480779153364,1.3995135214399086,0.570251808715279,0.5628262820211534,0.8700631000976009,0.37210600757510326,1.6952119082151245,0.7181608789482417,0.6466179681654601,1.397210383094004,1.6224693048742518,1.1600785869519374,0.7627075753921633,0.6707972112294862,0.376266090030515,0.7386263644899659,0.0,0.6133111914614364,0.6246969670784566,1.1703628104367125
0.9788457851696281,0.43205764997179436,0.9456287326053315,0.5234789568910236,0.4395654194536249,0.8504051025761699,0.8747974305089914,0.5989189114825705,0.6916003266504492,0.9601554685802683,1.3143141725339047,0.46168930183159895,0.9728516740417773,0.2941563894176894,0.11002155162107079,0.6579488179661217,1.0430649143480206,1.0228657690719343,0.6725564847039607,0.6159940945363179,0.14929766112908607,0.4629067319425256,0.14578961593200535,0.8017187111418432,0.596254071455901,1.098061190290955,0.04040682936609454,0.57845355205232,0.5458877463290815,0.6053628407870255,1.0280475954835528,0.4450455747747593,0.6167467167074264,0.7331760097711844,1.3312394821413165,0.6539295158864906,0.5561024302274713,0.5148456714588767,0.5780035532371578,0.740508510881783,0.6926094033632875,0.933200001839557,0.7688906322138103,0.6425753625421626,0.5148820915008645,0.645947780647705,0.5708128259010983,0.5163365738415103,0.08902860746592799,0.7376751244588421,0.4978922434053927,0.8498478027869941,1.2367789101072835,0.525306025240922,0.7306163965878475,0.2916370800470499,0.14962842344702634,0.45347787102222903,1.0607099819199217,0.9229162673237622,0.39132723690259946,0.44058922544237816,0.9802864459458934,1.1630932884233316,0.9747397563422234,0.8564409202906598,0.8657946167184135,0.920676105423974,0.9569353338105704,0.8973840339299819,0.45880355471654194,0.7388513540750064,0.40320468332479215,0.23964255566925527,0.8283446426915252,0.9554934504378585,0.23111238297145942,0.7069481250767049,0.08209628787518602,0.8398857466582504,1.0973107039834427,0.9948089709933973,0.8328251182352725,1.0972051562341147,0.8197608668039702,0.8504464696195234,0.8083539747300278,0.7407805846198047,0.5248769352432047,0.861672960697494,0.29668771792343795,0.29104797966564216,0.7185724808189516,0.6694648520500465,0.7147034063084192,0.580438557021917,1.3968658294702154,1.0121643369754152,1.0993526931952549,0.3810716272709745,0.2113921354634117,0.814789128639704,0.4193597366114544,0.4928830838865965,0.5334519045578998,0.31347128596421514,0.4619721786865578,0.6972896765724591,0.6452319854566604,0.6793369781349096,0.5547878716710851,0.9956833555263199,0.5886877306617249,0.6442027317473832,0.6448307851411783,0.8282061895202298,0.2956837326363377,0.22939336330197582,0.9836194051958707,0.6123295811041624,0.39417016447848807,0.9299242996046597,0.9975443010981482,1.1983187910815623,0.3114263296553946,0.716670068042298,0.6430419583898446,0.9146967000390509,0.9680269622655862,0.8674996578141918,0.8194355679223291,0.8492473614418036,0.7507564825813952,0.3767189845545086,0.770923723319729,0.7017888874206499,0.8280765088696979,0.9355579943154201,0.6715277974044077,0.35518758925656685,0.38706963821361584,0.8953488713700752,0.9487570644912144,0.49397029192379555,1.023351445538916,1.0889888110364319,0.6651411612538574,0.6926177552149672,1.2658453482130922,1.133994704592415,0.4224308098486837,0.17388914123747784,0.7921070172118075,0.929982590973088,0.7483494476885528,0.10230892641462924,0.9986791064648811,0.8547313130183061,0.6931914539943339,1.2378242463443248,0.7959229494621837,1.3421655535850443,0.2810337182445818,1.2531558263303482,0.9119127128153329,0.2267896076580796,0.83326821653294,1.063705966546536,0.6644809505198958,0.7750001044561093,0.6270378041132432,0.7203254422218155,0.9331075767778968,0.8912508770070294,0.4763403140925611,1.3375242336353017,0.9308834190266916,0.8678213561389254,0.19372248634105144,0.6445915572135367,0.6771877814392839,0.9869317493857201,1.0050101223562438,0.5475631647628947,0.8883046195367829,0.30491058682194827,0.539801380954078,1.116989237303324,0.10490032644099008,1.0295384815367687,0.848419446049313,1.1913000204683755,0.6717063935523777,0.4787486354920495,0.5389623962670489,0.8672147163224598,0.790963860591014,0.6133111914614364,0.0,0.38143105356576357,0.5571914599706981
0.8052761373066514,0.2774300723239065,0.7612878795339942,0.7588838450992073,0.3736594149285867,0.6250405089878013,0.5510967327381648,0.9681260810188965,0.46036193827949834,0.7280363194886447,1.1769760423784867,0.6728037389870692,1.0696685520583715,0.566077037872407,0.37418728150115566,0.926541866324131,0.7559507731364242,1.1422316452166974,0.9703491114624935,0.2669728248346837,0.516249735701162,0.4379737082967706,0.5232654583396147,1.1284408664358045,0.9776210094467683,1.1140092873007466,0.38727838170293316,0.5247116172383898,0.7001269758128615,0.43975564232600045,0.7214468324814228,0.6279463390017919,0.5081108123228086,0.8629396368128044,1.2497873371178365,0.6407474119919442,0.39411097752117724,0.7861503964163777,0.5832266143625894,1.0990977435899834,0.8693558912617115,0.6346165808364685,0.5536335201593364,0.27506256694191267,0.19629367156268207,0.4635645464708034,0.2502997434341969,0.41122242752084365,0.293625463810605,0.6602284010018448,0.18788475683650965,0.7479726752393249,1.1528678763405564,0.905347261976044,0.6669991491059496,0.6710618104009649,0.34586005917601415,0.6415305183600757,0.8591909676552024,1.020423458260086,0.6938019096426588,0.6206748356157052,0.791314206790309,1.0243931657997607,0.8266941573007066,1.038312422704057,0.5837343277466074,0.7057793507102347,1.049205335935978,1.038691029208392,0.8373283113083172,1.0140655908226421,0.7577396588681127,0.149220063395979,0.681623149776647,0.9378385876300164,0.40536894493749687,1.0150492401565006,0.4588579454560513,0.48346550682153777,1.058402214296632,0.8117654036581218,0.5432205958718053,1.1711855222828467,0.6530719040673845,0.932853238723385,0.6700047767159644,0.4881067060879782,0.4214622085838887,0.49010647685541875,0.12265281906234261,0.6724643991388013,0.8438401654984742,0.6311503798611562,0.387457512619555,0.8953602523558831,1.2152056792717425,0.9505448264390202,1.0225953512925217,0.1556234166096285,0.5895525205141215,0.44939105502719817,0.30911821314997956,0.7831443693512818,0.2483960747522327,0.6899214139207472,0.5593499489084087,0.9573416872697006,0.26809370773869845,0.44867850484503874,0.8094893277753739,0.7892123935799146,0.21748477510011638,0.8153132007906748,0.7580753638160794,1.0801830480264887,0.5138863306476711,0.4067275113693388,0.6410561959997172,0.2612255006835109,0.7755887555819873,0.906209155693885,0.9581796621788935,1.0914323030120205,0.5067304705505111,0.8610618243311566,0.874560352886654,0.7618555183765306,0.9570087421071647,0.48670245875507484,1.0698550044080897,0.5747270181783197,0.7561418220253034,0.7409503369759457,0.719343258778978,0.8905806761707551,1.165561237601775,0.8994708397972165,0.6695511530424437,0.2936752741944115,0.5192059707108294,0.6931852783886978,0.8077019675610673,0.7217113318163739,0.7847041666371953,1.0517740636395732,0.3487017651121368,0.8878841544701076,1.0823975404357955,0.8363114979557754,0.4685937765894409,0.21596665050182856,0.4138266245653804,0.7328079197383462,0.5947604804287434,0.47678437237480537,0.9596892260804454,0.6552035687904173,0.8533095365373474,1.0880940481793042,1.017810016894407,1.215481300920378,0.6301421166115295,1.1444032891934435,0.5557474432714157,0.5854751727957382,0.4801049019590378,1.2433916955937396,0.6662239477223871,0.7433269265068287,0.8979124384324563,1.0534740422593571,0.8010082665793739,0.7152472474583527,0.6368117333919107,1.1256073458613232,0.7977090372581186,0.6118566107408913,0.4358871810580495,0.8367716280935379,0.9824506950278014,0.6663757895011799,0.7770638223914407,0.20534258092541752,1.092908345175158,0.38240141818587475,0.7629582202749177,1.129822699143644,0.41996723387431956,1.2139687826826557,0.8134939363845755,0.9979690651992411,0.5522624667592126,0.1425673348958434,0.878033671099814,0.981104831019804,0.42465919791436413,0.6246969670784566,0.38143105356576357,0.0,0.7500940607816309
0.7735803091792244,0.9410966634927697,1.4693496184453863,1.0231007910142553,0.44173000496705656,1.3524501642792452,0.9520164479585997,0.5518197227783884,1.185763664812017,0.8517882700503523,0.9888847990801182,0.9844304659432003,0.43694657437078965,0.8100639729149448,0.46147923141150426,1.1088776835623828,1.0084230151826157,0.4728099749814047,1.0841273962256885,1.0146448156146382,0.6138651435994475,0.3835024551446609,0.49987802109246154,0.4987198759331872,0.7171821704083015,0.6184000229552502,0.5173458185479631,1.1282211568400378,0.07870457634942458,0.566542169461482,1.0341859730183445,0.9821376372655672,1.1558988229185088,1.2694412043146173,0.9316879286253643,1.210201052002235,1.0744572508983654,0.16703724433382217,1.1345389426903263,0.5826173617713177,0.13544050469130278,0.9465291345870123,1.2740580558141057,0.883102692600935,0.9433988476333661,1.1613759397297287,0.9993740030535551,0.47727454510752504,0.5974468523893312,1.2875997021596137,0.7145390299406098,0.5824579639388212,0.8519258409427495,0.6139798339671112,0.4638653462728765,0.5158455409876869,0.45196782866659296,0.11089658835178072,0.8769867808783972,0.3905021487638507,0.25058641896138595,0.9791418866142506,0.7981060559490444,0.8634883294402185,0.7325102851565896,1.3604598049556902,1.3308141035808345,0.7969039382947855,0.4253566255005299,1.421166853112879,0.6904629548413574,1.1712158573797224,0.7704601199621745,0.6883111665611807,0.6354736414855366,0.5383893056219426,0.3634453815342326,0.36759208787492814,0.5133661688353724,0.999369588848183,0.678433659204305,0.7994449551367465,0.859910439749241,0.5683233009917078,1.3475768614591723,0.340296943423598,0.6118273378345107,0.7445906997193693,0.4749375007981747,1.0641444107048263,0.6284647300625663,0.5564080302507028,1.2570843667024219,0.40373947748636313,1.1372684759796836,0.31059540738756564,1.1240588358108423,0.6386343156040355,0.7275255807587795,0.8471408423206211,0.5891326271268955,1.0052690218078446,0.9431715344906644,0.2117685413933582,0.9872599927756468,0.4928956075390396,1.017262714276481,1.1521864560297643,0.9162222142501251,1.1733350944862477,1.0344494019193027,0.83639620253846,0.8555518281985657,1.1689004413507673,1.1902478087826667,1.2769307243222177,0.8380719206615467,0.3632805360686909,1.0773904602771367,0.8279969863307628,0.60034031303106,0.5269565644369941,0.5983986911430655,0.8488631913639267,0.8587985100301996,0.17213426198508422,0.13735098654699726,0.6983347142670033,0.5398089671892929,1.1600965359353148,1.2706756816196159,1.319883384017519,1.3079268406379692,0.7243593649034575,0.46523464793556574,1.2126968833243117,0.5576762156775883,0.5473434060757638,0.349705819492736,0.8854421123130888,0.23189598622377502,1.410139324575386,0.7039870133289983,0.08294432973023357,0.9086524903151513,0.6694626294106372,0.8006052074080767,0.14048645377627603,1.0141159297817672,1.101336469697556,0.30991620272324577,0.5872119822464604,1.0389214094986823,1.4478006107321855,0.6030608678029619,0.5826136488721697,0.5988020636394502,0.730251608353049,1.21950889076943,0.9410259576737408,0.26803811564218005,0.9986974749315535,0.7113075376752968,0.8978499921556247,1.0552155645940393,0.6633147492354661,0.985964943311181,1.5574966396580259,0.3418966928242294,1.3311579003789227,1.079903930242265,0.4593630196499085,0.6801143291322754,1.417229254310376,1.0182843441368927,1.1193269788507323,0.6801758664500971,1.351843955080911,0.3697223673746219,1.1583645422705702,0.33806746567267804,1.0304952723299718,0.8774958844040851,0.9553651341616454,1.3744905654661395,0.3678307521393797,1.045692249202196,0.6382303103721273,0.4522915955485986,1.5217807681884143,0.48593895232988776,0.9674091011585566,0.5223697516813749,0.7379847181554344,0.9029095942749444,1.4034347945074588,1.1516402870649978,1.1703628104367125,0.5571914599706981,0.7500940607816309,0.0
